11
4
2
361
1 1 1 1 1 2 3 4 5 8 9
1 1 1 1 2 2 3 4 5 8 9
1 1 1 2 2 2 3 4 5 8 9
1 1 1 2 2 3 3 4 5 8 9
1 1 1 2 2 3 4 4 5 8 9
1 1 2 2 3 3 4 4 5 8 9
1 1 1 2 2 3 4 4 6 8 9
1 1 1 1 2 2 4 5 6 8 9
1 1 1 2 2 2 4 5 6 8 9
1 1 1 1 2 3 4 5 6 8 9
1 1 1 2 2 3 4 5 6 8 9
1 1 2 2 3 3 4 5 6 8 9
1 1 2 2 3 4 4 5 6 8 9
1 1 1 1 2 2 4 4 7 8 9
1 1 1 2 2 2 4 4 7 8 9
1 1 1 2 2 3 4 4 7 8 9
1 1 2 2 3 4 4 5 7 8 9
1 1 1 2 2 4 4 6 7 8 9
1 1 1 2 2 4 5 6 7 8 9
1 1 1 2 3 4 5 6 7 8 9
1 1 2 2 3 4 5 6 7 8 9
1 1 1 2 2 4 4 7 7 8 9
1 1 2 2 3 4 4 7 7 8 9
1 1 2 2 3 4 4 5 8 8 9
1 1 1 1 1 2 3 4 5 8 10
1 1 1 1 2 2 3 4 5 8 10
1 1 1 2 2 2 3 4 5 8 10
1 1 1 2 2 3 3 4 5 8 10
1 1 1 2 2 3 4 4 5 8 10
1 1 2 2 3 3 4 4 5 8 10
1 1 1 1 1 2 3 4 6 8 10
1 1 1 1 2 2 3 4 6 8 10
1 1 1 2 2 3 3 4 6 8 10
1 1 1 2 2 3 4 4 6 8 10
1 1 1 1 2 2 4 5 6 8 10
1 1 1 1 2 3 4 5 6 8 10
1 1 1 2 2 3 4 5 6 8 10
1 1 1 1 2 2 4 4 7 8 10
1 1 1 2 2 3 4 4 7 8 10
1 1 2 2 3 4 4 5 7 8 10
1 1 1 2 2 4 4 6 7 8 10
1 1 1 2 2 4 5 6 7 8 10
1 1 1 2 3 4 5 6 7 8 10
1 1 1 2 2 4 4 7 7 8 10
1 1 2 2 3 4 4 5 8 8 10
1 1 2 2 3 4 4 5 8 9 10
1 1 1 2 2 4 4 6 8 9 10
1 1 1 2 2 4 5 6 8 9 10
1 1 1 2 3 4 5 6 8 9 10
1 1 2 2 3 4 5 6 8 9 10
1 1 1 2 2 4 4 7 8 9 10
1 1 2 2 3 4 4 7 8 9 10
1 1 2 2 4 5 6 7 8 9 10
1 1 2 3 4 5 6 7 8 9 10
1 1 2 2 4 4 7 7 8 9 10
1 1 1 1 1 2 2 4 5 8 11
1 1 1 1 2 2 2 4 5 8 11
1 1 1 1 2 2 3 4 5 8 11
1 1 1 2 2 2 3 4 5 8 11
1 1 1 2 2 2 4 4 5 8 11
1 1 1 2 2 3 4 4 5 8 11
1 1 1 1 1 1 2 4 6 8 11
1 1 1 1 1 2 2 4 6 8 11
1 1 1 1 2 2 2 4 6 8 11
1 1 1 1 1 2 3 4 6 8 11
1 1 1 1 2 2 3 4 6 8 11
1 1 1 2 2 3 3 4 6 8 11
1 1 1 1 2 2 4 4 6 8 11
1 1 1 2 2 3 4 4 6 8 11
1 1 1 1 2 2 4 5 6 8 11
1 1 1 2 2 2 4 5 6 8 11
1 1 1 2 2 3 4 5 6 8 11
1 1 2 2 3 4 4 5 6 8 11
1 1 1 2 2 4 4 6 6 8 11
1 1 1 1 1 1 2 4 7 8 11
1 1 1 1 1 2 2 4 7 8 11
1 1 1 1 2 2 2 4 7 8 11
1 1 1 1 2 2 3 4 7 8 11
1 1 1 2 2 2 3 4 7 8 11
1 1 1 1 2 2 4 4 7 8 11
1 1 1 2 2 2 4 4 7 8 11
1 1 1 2 2 3 4 4 7 8 11
1 1 2 2 3 4 4 5 7 8 11
1 1 1 2 2 4 4 6 7 8 11
1 1 1 2 2 4 5 6 7 8 11
1 1 2 2 3 4 5 6 7 8 11
1 1 1 2 2 4 4 7 7 8 11
1 1 2 2 3 4 4 7 7 8 11
1 1 2 2 3 4 4 5 8 8 11
1 1 1 2 2 4 4 6 8 8 11
1 1 1 2 2 4 4 7 8 8 11
1 1 2 2 3 4 4 7 8 8 11
1 1 2 2 4 4 7 7 8 8 11
1 1 2 2 4 4 7 8 9 10 11
1 2 3 4 5 6 7 8 9 10 11
1 1 1 1 2 2 3 4 5 8 12
1 1 1 2 2 2 3 4 5 8 12
1 1 1 2 2 3 3 4 5 8 12
1 1 2 2 3 3 4 4 5 8 12
1 1 1 1 1 2 3 4 6 8 12
1 1 1 1 2 2 3 4 6 8 12
1 1 1 2 2 3 3 4 6 8 12
1 1 1 2 2 3 4 4 6 8 12
1 1 1 1 2 2 4 5 6 8 12
1 1 1 2 2 2 4 5 6 8 12
1 1 1 2 2 3 4 5 6 8 12
1 1 2 2 3 3 4 5 6 8 12
1 1 1 1 1 2 2 4 7 8 12
1 1 1 1 2 2 2 4 7 8 12
1 1 1 1 2 2 3 4 7 8 12
1 1 1 2 2 2 3 4 7 8 12
1 1 1 2 2 2 4 4 7 8 12
1 1 1 2 2 3 4 4 7 8 12
1 1 1 2 2 4 5 6 7 8 12
1 1 2 2 3 4 5 6 7 8 12
1 1 2 2 3 4 4 7 8 8 12
1 1 1 2 2 3 4 4 8 9 12
1 1 2 2 3 3 4 4 8 9 12
1 1 1 2 2 3 4 5 8 9 12
1 1 2 2 3 3 4 5 8 9 12
1 1 1 2 2 4 5 6 8 9 12
1 1 2 2 3 4 5 6 8 9 12
1 1 2 2 3 4 4 7 8 9 12
1 1 2 2 4 5 6 7 8 9 12
1 1 1 2 2 3 4 4 8 10 12
1 1 1 1 2 2 4 5 8 10 12
1 1 1 2 2 2 4 5 8 10 12
1 1 1 1 2 3 4 5 8 10 12
1 1 1 2 2 3 4 5 8 10 12
1 1 2 2 3 3 4 5 8 10 12
1 1 2 2 3 4 4 5 8 10 12
1 1 1 1 2 3 4 6 8 10 12
1 1 1 2 2 3 4 6 8 10 12
1 1 1 2 2 4 5 6 8 10 12
1 1 1 2 3 4 5 6 8 10 12
1 1 1 2 2 4 4 7 8 10 12
1 1 2 3 4 5 6 7 8 10 12
1 1 1 2 2 4 4 8 9 10 12
1 1 2 2 3 4 4 8 9 10 12
1 1 2 2 4 5 6 8 9 10 12
1 1 2 3 4 5 6 8 9 10 12
1 1 2 2 4 4 7 8 9 10 12
1 2 3 4 5 6 7 8 9 10 12
1 1 1 2 2 2 4 4 8 11 12
1 1 1 2 2 3 4 4 8 11 12
1 1 1 1 2 2 4 5 8 11 12
1 1 1 2 2 2 4 5 8 11 12
1 1 1 2 2 3 4 5 8 11 12
1 1 1 1 2 2 4 6 8 11 12
1 1 1 1 2 3 4 6 8 11 12
1 1 1 2 2 3 4 6 8 11 12
1 1 1 2 2 4 5 6 8 11 12
1 1 2 2 3 4 5 6 8 11 12
1 1 1 1 2 2 4 7 8 11 12
1 1 1 2 2 2 4 7 8 11 12
1 1 1 2 2 3 4 7 8 11 12
1 1 2 2 3 4 4 7 8 11 12
1 1 2 2 4 5 6 7 8 11 12
1 1 2 2 4 4 8 9 10 11 12
1 1 1 1 1 1 2 3 4 8 13
1 1 1 1 1 2 2 3 4 8 13
1 1 1 1 2 2 2 3 4 8 13
1 1 1 1 2 2 3 3 4 8 13
1 1 1 2 2 2 3 3 4 8 13
1 1 1 1 2 2 3 4 4 8 13
1 1 1 2 2 2 3 4 4 8 13
1 1 1 2 2 3 3 4 4 8 13
1 1 2 2 3 3 4 4 5 8 13
1 1 1 1 1 2 2 4 6 8 13
1 1 1 1 2 2 2 4 6 8 13
1 1 1 1 1 2 3 4 6 8 13
1 1 1 1 2 2 3 4 6 8 13
1 1 1 2 2 3 3 4 6 8 13
1 1 1 2 2 3 4 4 6 8 13
1 1 1 1 2 2 4 5 6 8 13
1 1 1 2 2 2 4 5 6 8 13
1 1 1 2 2 3 4 5 6 8 13
1 1 1 1 1 2 2 4 7 8 13
1 1 1 1 2 2 2 4 7 8 13
1 1 1 1 2 2 3 4 7 8 13
1 1 1 2 2 2 3 4 7 8 13
1 1 1 2 2 2 4 4 7 8 13
1 1 1 2 2 3 4 4 7 8 13
1 1 2 2 3 4 4 7 7 8 13
1 1 1 2 2 3 4 4 8 8 13
1 1 2 2 3 3 4 4 8 8 13
1 1 2 2 3 4 4 7 8 8 13
1 1 1 1 2 2 4 4 8 10 13
1 1 1 2 2 3 4 4 8 10 13
1 1 2 2 3 4 4 5 8 10 13
1 1 1 1 1 2 4 6 8 10 13
1 1 1 1 2 2 4 6 8 10 13
1 1 1 1 2 3 4 6 8 10 13
1 1 1 2 2 3 4 6 8 10 13
1 1 1 2 2 4 4 6 8 10 13
1 1 1 2 2 4 5 6 8 10 13
1 1 1 2 3 4 5 6 8 10 13
1 1 1 2 2 4 4 7 8 10 13
1 1 1 2 2 4 4 8 9 10 13
1 1 2 2 3 4 4 8 9 10 13
1 1 2 2 4 5 6 8 9 10 13
1 1 2 3 4 5 6 8 9 10 13
1 1 2 2 4 4 7 8 9 10 13
1 1 1 1 2 2 4 4 8 11 13
1 1 1 2 2 2 4 4 8 11 13
1 1 1 2 2 3 4 4 8 11 13
1 1 2 2 3 4 4 5 8 11 13
1 1 1 2 2 4 4 6 8 11 13
1 1 1 2 2 4 5 6 8 11 13
1 1 2 2 3 4 5 6 8 11 13
1 1 1 1 1 2 4 7 8 11 13
1 1 1 1 2 2 4 7 8 11 13
1 1 1 2 2 2 4 7 8 11 13
1 1 1 2 2 3 4 7 8 11 13
1 1 1 2 2 4 4 7 8 11 13
1 1 2 2 3 4 4 7 8 11 13
1 1 2 2 4 4 7 7 8 11 13
1 1 2 2 4 4 7 8 8 11 13
1 1 2 2 3 4 4 8 9 12 13
1 1 2 2 3 4 5 8 9 12 13
1 1 2 2 4 5 6 8 9 12 13
1 1 2 2 3 4 4 8 8 13 13
1 1 1 1 1 1 2 3 4 8 14
1 1 1 1 1 2 2 3 4 8 14
1 1 1 1 2 2 2 3 4 8 14
1 1 1 1 2 2 3 3 4 8 14
1 1 1 1 2 2 3 4 4 8 14
1 1 1 2 2 3 3 4 4 8 14
1 1 1 1 1 2 2 4 5 8 14
1 1 1 1 2 2 2 4 5 8 14
1 1 1 1 1 2 3 4 5 8 14
1 1 1 1 2 2 3 4 5 8 14
1 1 1 2 2 2 3 4 5 8 14
1 1 1 2 2 3 3 4 5 8 14
1 1 1 2 2 2 4 4 5 8 14
1 1 1 2 2 3 4 4 5 8 14
1 1 2 2 3 3 4 4 5 8 14
1 1 1 2 2 3 4 4 6 8 14
1 1 1 1 2 2 4 5 6 8 14
1 1 1 1 2 3 4 5 6 8 14
1 1 1 2 2 3 4 5 6 8 14
1 1 1 1 2 2 4 4 7 8 14
1 1 1 2 2 3 4 4 7 8 14
1 1 2 2 3 4 4 5 7 8 14
1 1 1 2 2 4 4 6 7 8 14
1 1 1 2 2 3 4 4 8 8 14
1 1 2 2 3 4 4 5 8 8 14
1 1 1 2 2 4 4 7 8 8 14
1 1 1 1 2 2 4 4 8 9 14
1 1 1 2 2 2 4 4 8 9 14
1 1 1 2 2 3 4 4 8 9 14
1 1 2 2 3 3 4 4 8 9 14
1 1 1 1 2 2 4 5 8 9 14
1 1 1 2 2 2 4 5 8 9 14
1 1 1 1 2 3 4 5 8 9 14
1 1 1 2 2 3 4 5 8 9 14
1 1 2 2 3 3 4 5 8 9 14
1 1 2 2 3 4 4 5 8 9 14
1 1 1 2 2 4 4 6 8 9 14
1 1 1 2 2 4 5 6 8 9 14
1 1 1 2 3 4 5 6 8 9 14
1 1 2 2 3 4 5 6 8 9 14
1 1 1 2 2 4 4 7 8 9 14
1 1 2 2 3 4 4 7 8 9 14
1 1 1 2 2 4 4 8 9 10 14
1 1 2 3 4 5 6 8 9 10 14
1 1 2 2 3 4 4 8 9 12 14
1 1 1 2 2 4 5 8 9 12 14
1 1 2 2 3 4 5 8 9 12 14
1 1 2 2 4 5 6 8 9 12 14
1 1 1 2 2 4 5 8 10 12 14
1 1 1 2 3 4 5 8 10 12 14
1 1 1 2 3 4 6 8 10 12 14
1 1 2 3 4 5 6 8 10 12 14
1 1 2 2 3 4 4 8 8 13 14
1 1 2 2 4 4 8 9 10 13 14
1 2 3 4 5 6 8 9 10 13 14
1 1 1 2 2 4 4 8 11 13 14
1 1 2 2 3 4 4 8 11 13 14
1 1 2 2 4 5 6 8 11 13 14
1 1 1 1 2 4 7 8 11 13 14
1 1 1 2 2 4 7 8 11 13 14
1 1 2 2 3 4 7 8 11 13 14
1 1 2 2 4 4 7 8 11 13 14
1 1 1 1 1 1 1 2 4 8 15
1 1 1 1 1 1 2 2 4 8 15
1 1 1 1 1 2 2 2 4 8 15
1 1 1 1 2 2 2 2 4 8 15
1 1 1 1 1 2 2 3 4 8 15
1 1 1 1 2 2 2 3 4 8 15
1 1 1 2 2 2 3 3 4 8 15
1 1 1 1 1 2 2 4 4 8 15
1 1 1 1 2 2 2 4 4 8 15
1 1 1 1 2 2 3 4 4 8 15
1 1 1 2 2 2 3 4 4 8 15
1 1 1 2 2 2 4 4 4 8 15
1 1 1 2 2 2 4 4 5 8 15
1 1 1 2 2 3 4 4 5 8 15
1 1 1 1 2 2 4 4 6 8 15
1 1 1 2 2 3 4 4 6 8 15
1 1 1 1 2 2 4 5 6 8 15
1 1 1 2 2 2 4 5 6 8 15
1 1 1 1 2 3 4 5 6 8 15
1 1 1 2 2 3 4 5 6 8 15
1 1 2 2 3 3 4 5 6 8 15
1 1 2 2 3 4 4 5 6 8 15
1 1 1 1 2 2 4 4 7 8 15
1 1 1 2 2 2 4 4 7 8 15
1 1 1 2 2 3 4 4 7 8 15
1 1 2 2 3 4 4 5 7 8 15
1 1 1 2 2 4 4 6 7 8 15
1 1 1 1 2 2 4 4 8 8 15
1 1 1 2 2 2 4 4 8 8 15
1 1 1 2 2 3 4 4 8 8 15
1 1 2 2 3 4 4 5 8 8 15
1 1 1 2 2 4 4 6 8 8 15
1 1 1 2 2 4 4 7 8 8 15
1 1 2 2 3 4 4 7 8 8 15
1 1 1 2 2 4 4 8 9 10 15
1 1 2 2 3 4 4 8 9 10 15
1 1 2 2 4 5 6 8 9 10 15
1 1 2 2 4 4 7 8 9 10 15
1 1 2 2 4 4 7 8 8 11 15
1 1 2 2 3 4 4 8 8 12 15
1 1 2 2 3 4 4 8 9 12 15
1 1 1 2 2 4 5 8 9 12 15
1 1 2 2 3 4 5 8 9 12 15
1 1 2 2 4 5 6 8 9 12 15
1 1 1 2 2 4 4 8 10 12 15
1 1 1 2 2 4 5 8 10 12 15
1 1 1 2 3 4 5 8 10 12 15
1 1 2 2 3 4 5 8 10 12 15
1 1 1 1 2 4 6 8 10 12 15
1 1 1 2 2 4 6 8 10 12 15
1 1 1 2 3 4 6 8 10 12 15
1 1 2 3 4 5 6 8 10 12 15
1 1 2 2 4 4 8 9 10 12 15
1 1 2 2 3 4 4 8 11 12 15
1 1 1 2 2 4 5 8 11 12 15
1 1 2 2 3 4 5 8 11 12 15
1 1 1 2 2 4 6 8 11 12 15
1 1 2 2 4 5 6 8 11 12 15
1 1 1 2 2 4 7 8 11 12 15
1 1 2 2 3 4 7 8 11 12 15
1 1 2 2 3 4 4 8 8 13 15
1 1 1 2 2 4 4 8 10 13 15
1 1 1 1 2 4 6 8 10 13 15
1 1 1 2 2 4 6 8 10 13 15
1 1 1 2 3 4 6 8 10 13 15
1 1 2 3 4 5 6 8 10 13 15
1 1 1 2 2 4 4 8 8 14 15
1 1 1 2 2 4 4 8 9 14 15
1 1 2 2 3 4 4 8 9 14 15
1 1 1 2 2 4 5 8 9 14 15
1 1 1 2 3 4 5 8 9 14 15
1 1 2 2 3 4 5 8 9 14 15
1 1 2 2 4 5 6 8 9 14 15
1 1 2 3 4 5 6 8 9 14 15
1 1 2 2 4 4 7 8 9 14 15
1 1 1 2 2 4 4 8 8 15 15
1 1 2 2 3 4 4 8 8 15 15
