10
7
2
170
1 1 1 1 2 4 8 16 32 64
1 1 1 2 2 4 8 16 32 64
1 1 1 2 3 4 8 16 32 64
1 1 1 2 4 6 8 16 32 64
1 1 1 2 4 7 8 16 32 64
1 1 1 2 4 8 14 16 32 64
1 1 1 2 4 8 15 16 32 64
1 1 1 2 4 8 16 30 32 64
1 1 1 2 4 8 16 31 32 64
1 1 1 2 4 8 16 32 62 64
1 1 1 2 4 8 16 32 63 64
1 1 1 2 4 8 16 32 64 126
1 1 1 2 4 8 16 32 64 127
1 1 2 2 3 4 8 16 32 64
1 1 2 2 4 4 8 16 32 64
1 1 2 2 4 5 8 16 32 64
1 1 2 2 4 7 8 16 32 64
1 1 2 2 4 8 12 16 32 64
1 1 2 2 4 8 13 16 32 64
1 1 2 2 4 8 15 16 32 64
1 1 2 2 4 8 16 28 32 64
1 1 2 2 4 8 16 29 32 64
1 1 2 2 4 8 16 31 32 64
1 1 2 2 4 8 16 32 60 64
1 1 2 2 4 8 16 32 61 64
1 1 2 2 4 8 16 32 63 64
1 1 2 2 4 8 16 32 64 124
1 1 2 2 4 8 16 32 64 125
1 1 2 2 4 8 16 32 64 127
1 1 2 3 4 5 8 16 32 64
1 1 2 3 4 6 8 16 32 64
1 1 2 3 4 8 12 16 32 64
1 1 2 3 4 8 13 16 32 64
1 1 2 3 4 8 14 16 32 64
1 1 2 3 4 8 16 28 32 64
1 1 2 3 4 8 16 29 32 64
1 1 2 3 4 8 16 30 32 64
1 1 2 3 4 8 16 32 60 64
1 1 2 3 4 8 16 32 61 64
1 1 2 3 4 8 16 32 62 64
1 1 2 3 4 8 16 32 64 124
1 1 2 3 4 8 16 32 64 125
1 1 2 3 4 8 16 32 64 126
1 1 2 4 6 8 10 16 32 64
1 1 2 4 6 8 11 16 32 64
1 1 2 4 6 8 16 24 32 64
1 1 2 4 6 8 16 25 32 64
1 1 2 4 6 8 16 26 32 64
1 1 2 4 6 8 16 27 32 64
1 1 2 4 6 8 16 32 56 64
1 1 2 4 6 8 16 32 57 64
1 1 2 4 6 8 16 32 58 64
1 1 2 4 6 8 16 32 59 64
1 1 2 4 6 8 16 32 64 120
1 1 2 4 6 8 16 32 64 121
1 1 2 4 6 8 16 32 64 122
1 1 2 4 6 8 16 32 64 123
1 1 2 4 7 8 11 16 32 64
1 1 2 4 7 8 16 25 32 64
1 1 2 4 7 8 16 26 32 64
1 1 2 4 7 8 16 27 32 64
1 1 2 4 7 8 16 32 56 64
1 1 2 4 7 8 16 32 57 64
1 1 2 4 7 8 16 32 58 64
1 1 2 4 7 8 16 32 59 64
1 1 2 4 7 8 16 32 64 120
1 1 2 4 7 8 16 32 64 121
1 1 2 4 7 8 16 32 64 122
1 1 2 4 7 8 16 32 64 123
1 1 2 4 8 14 16 22 32 64
1 1 2 4 8 14 16 23 32 64
1 1 2 4 8 14 16 32 50 64
1 1 2 4 8 14 16 32 51 64
1 1 2 4 8 14 16 32 54 64
1 1 2 4 8 14 16 32 55 64
1 1 2 4 8 14 16 32 64 112
1 1 2 4 8 14 16 32 64 113
1 1 2 4 8 14 16 32 64 114
1 1 2 4 8 14 16 32 64 115
1 1 2 4 8 14 16 32 64 118
1 1 2 4 8 14 16 32 64 119
1 1 2 4 8 15 16 32 51 64
1 1 2 4 8 15 16 32 54 64
1 1 2 4 8 15 16 32 64 113
1 1 2 4 8 15 16 32 64 114
1 1 2 4 8 15 16 32 64 115
1 1 2 4 8 15 16 32 64 118
1 1 2 4 8 16 30 32 64 102
1 1 2 4 8 16 30 32 64 103
1 1 2 4 8 16 31 32 64 103
1 2 3 4 5 6 8 16 32 64
1 2 3 4 5 8 9 16 32 64
1 2 3 4 5 8 10 16 32 64
1 2 3 4 5 8 14 16 32 64
1 2 3 4 5 8 16 24 32 64
1 2 3 4 5 8 16 25 32 64
1 2 3 4 5 8 16 26 32 64
1 2 3 4 5 8 16 30 32 64
1 2 3 4 5 8 16 32 56 64
1 2 3 4 5 8 16 32 57 64
1 2 3 4 5 8 16 32 58 64
1 2 3 4 5 8 16 32 62 64
1 2 3 4 5 8 16 32 64 120
1 2 3 4 5 8 16 32 64 121
1 2 3 4 5 8 16 32 64 122
1 2 3 4 5 8 16 32 64 126
1 2 3 4 8 12 16 21 32 64
1 2 3 4 8 12 16 32 48 64
1 2 3 4 8 12 16 32 49 64
1 2 3 4 8 12 16 32 53 64
1 2 3 4 8 12 16 32 64 112
1 2 3 4 8 12 16 32 64 113
1 2 3 4 8 12 16 32 64 117
1 2 3 4 8 13 16 21 32 64
1 2 3 4 8 13 16 22 32 64
1 2 3 4 8 13 16 32 49 64
1 2 3 4 8 13 16 32 50 64
1 2 3 4 8 13 16 32 52 64
1 2 3 4 8 13 16 32 53 64
1 2 3 4 8 13 16 32 54 64
1 2 3 4 8 13 16 32 64 112
1 2 3 4 8 13 16 32 64 113
1 2 3 4 8 13 16 32 64 114
1 2 3 4 8 13 16 32 64 116
1 2 3 4 8 13 16 32 64 117
1 2 3 4 8 13 16 32 64 118
1 2 3 4 8 16 28 32 44 64
1 2 3 4 8 16 28 32 45 64
1 2 3 4 8 16 28 32 64 100
1 2 3 4 8 16 28 32 64 101
1 2 3 4 8 16 28 32 64 108
1 2 3 4 8 16 28 32 64 109
1 2 3 4 8 16 29 32 46 64
1 2 3 4 8 16 29 32 64 101
1 2 3 4 8 16 29 32 64 102
1 2 3 4 8 16 29 32 64 108
1 2 3 4 8 16 29 32 64 110
1 2 4 7 8 11 13 16 32 64
1 2 4 7 8 11 16 19 32 64
1 2 4 7 8 11 16 21 32 64
1 2 4 7 8 11 16 29 32 64
1 2 4 7 8 11 16 32 49 64
1 2 4 7 8 11 16 32 51 64
1 2 4 7 8 11 16 32 53 64
1 2 4 7 8 11 16 32 61 64
1 2 4 7 8 11 16 32 64 112
1 2 4 7 8 11 16 32 64 113
1 2 4 7 8 11 16 32 64 115
1 2 4 7 8 11 16 32 64 117
1 2 4 7 8 11 16 32 64 125
1 2 4 7 8 16 25 32 42 64
1 2 4 7 8 16 25 32 43 64
1 2 4 7 8 16 25 32 64 97
1 2 4 7 8 16 25 32 64 98
1 2 4 7 8 16 25 32 64 99
1 2 4 7 8 16 25 32 64 106
1 2 4 7 8 16 25 32 64 107
1 2 4 7 8 16 27 32 43 64
1 2 4 7 8 16 27 32 45 64
1 2 4 7 8 16 27 32 64 99
1 2 4 7 8 16 27 32 64 101
1 2 4 7 8 16 27 32 64 104
1 2 4 7 8 16 27 32 64 105
1 2 4 7 8 16 27 32 64 107
1 2 4 7 8 16 27 32 64 109
1 2 4 7 8 16 32 56 64 91
1 2 4 7 8 16 32 57 64 90
1 2 4 7 8 16 32 59 64 93
1 2 4 8 15 16 32 51 64 85
1 2 4 8 15 16 32 51 64 87
