10
6
2
105
1 2 3 4 5 6 7 8 16 32
1 2 3 4 5 6 8 9 16 32
1 2 3 4 5 6 8 15 16 32
1 2 3 4 5 6 8 16 24 32
1 2 3 4 5 6 8 16 25 32
1 2 3 4 5 6 8 16 31 32
1 2 3 4 5 6 8 16 32 56
1 2 3 4 5 6 8 16 32 57
1 2 3 4 5 6 8 16 32 63
1 2 3 4 5 8 9 14 16 32
1 2 3 4 5 8 9 16 17 32
1 2 3 4 5 8 9 16 18 32
1 2 3 4 5 8 9 16 22 32
1 2 3 4 5 8 9 16 30 32
1 2 3 4 5 8 9 16 32 48
1 2 3 4 5 8 9 16 32 49
1 2 3 4 5 8 9 16 32 50
1 2 3 4 5 8 9 16 32 54
1 2 3 4 5 8 9 16 32 62
1 2 3 4 5 8 10 12 16 32
1 2 3 4 5 8 10 16 19 32
1 2 3 4 5 8 10 16 20 32
1 2 3 4 5 8 10 16 22 32
1 2 3 4 5 8 10 16 28 32
1 2 3 4 5 8 10 16 32 48
1 2 3 4 5 8 10 16 32 49
1 2 3 4 5 8 10 16 32 51
1 2 3 4 5 8 10 16 32 52
1 2 3 4 5 8 10 16 32 54
1 2 3 4 5 8 10 16 32 60
1 2 3 4 5 8 14 16 22 32
1 2 3 4 5 8 14 16 23 32
1 2 3 4 5 8 14 16 24 32
1 2 3 4 5 8 14 16 25 32
1 2 3 4 5 8 14 16 26 32
1 2 3 4 5 8 14 16 32 48
1 2 3 4 5 8 14 16 32 49
1 2 3 4 5 8 14 16 32 50
1 2 3 4 5 8 14 16 32 54
1 2 3 4 5 8 14 16 32 55
1 2 3 4 5 8 14 16 32 56
1 2 3 4 5 8 14 16 32 57
1 2 3 4 5 8 14 16 32 58
1 2 3 4 5 8 16 24 32 40
1 2 3 4 5 8 16 24 32 41
1 2 3 4 5 8 16 24 32 42
1 2 3 4 5 8 16 24 32 46
1 2 3 4 5 8 16 25 32 41
1 2 3 4 5 8 16 25 32 42
1 2 3 4 5 8 16 25 32 46
1 2 3 4 5 8 16 26 32 42
1 2 3 4 5 8 16 26 32 43
1 2 3 4 5 8 16 26 32 44
1 2 3 4 5 8 16 26 32 46
1 2 3 4 5 8 16 30 32 46
1 2 3 4 5 8 16 30 32 47
1 2 3 4 8 12 16 21 26 32
1 2 3 4 8 12 16 21 32 37
1 2 3 4 8 12 16 21 32 38
1 2 3 4 8 12 16 21 32 42
1 2 3 4 8 12 16 21 32 48
1 2 3 4 8 12 16 21 32 49
1 2 3 4 8 12 16 21 32 50
1 2 3 4 8 12 16 21 32 58
1 2 3 4 8 13 16 21 25 32
1 2 3 4 8 13 16 21 26 32
1 2 3 4 8 13 16 21 32 37
1 2 3 4 8 13 16 21 32 38
1 2 3 4 8 13 16 21 32 41
1 2 3 4 8 13 16 21 32 42
1 2 3 4 8 13 16 21 32 56
1 2 3 4 8 13 16 21 32 57
1 2 3 4 8 13 16 21 32 58
1 2 3 4 8 13 16 22 32 39
1 2 3 4 8 13 16 22 32 42
1 2 3 4 8 13 16 22 32 43
1 2 3 4 8 13 16 22 32 56
1 2 3 4 8 13 16 22 32 57
1 2 3 4 8 16 28 32 44 52
1 2 3 4 8 16 28 32 44 53
1 2 3 4 8 16 28 32 45 54
1 2 4 7 8 11 13 14 16 32
1 2 4 7 8 11 13 16 19 32
1 2 4 7 8 11 13 16 30 32
1 2 4 7 8 11 13 16 32 49
1 2 4 7 8 11 13 16 32 51
1 2 4 7 8 11 13 16 32 62
1 2 4 7 8 11 16 19 29 32
1 2 4 7 8 11 16 19 32 35
1 2 4 7 8 11 16 19 32 37
1 2 4 7 8 11 16 19 32 45
1 2 4 7 8 11 16 19 32 61
1 2 4 7 8 11 16 21 25 32
1 2 4 7 8 11 16 21 32 38
1 2 4 7 8 11 16 21 32 41
1 2 4 7 8 11 16 21 32 45
1 2 4 7 8 11 16 21 32 56
1 2 4 7 8 11 16 21 32 57
1 2 4 7 8 11 16 29 32 45
1 2 4 7 8 11 16 29 32 46
1 2 4 7 8 11 16 29 32 49
1 2 4 7 8 11 16 29 32 51
1 2 4 7 8 16 25 32 42 52
1 2 4 7 8 16 25 32 42 53
1 2 4 7 8 16 27 32 43 53
