11
5
2
64
1 2 3 4 5 6 7 8 9 10 16
1 2 3 4 5 6 7 8 9 16 17
1 2 3 4 5 6 7 8 9 16 18
1 2 3 4 5 6 7 8 9 16 24
1 2 3 4 5 6 7 8 9 16 26
1 2 3 4 5 6 8 9 10 12 16
1 2 3 4 5 6 8 9 10 13 16
1 2 3 4 5 6 8 9 10 16 17
1 2 3 4 5 6 8 9 10 16 20
1 2 3 4 5 6 8 9 10 16 23
1 2 3 4 5 6 8 9 10 16 28
1 2 3 4 5 6 8 9 10 16 29
1 2 3 4 5 6 8 9 14 15 16
1 2 3 4 5 6 8 9 14 16 17
1 2 3 4 5 6 8 9 14 16 18
1 2 3 4 5 6 8 9 14 16 23
1 2 3 4 5 6 8 9 14 16 24
1 2 3 4 5 6 8 9 14 16 25
1 2 3 4 5 6 8 9 14 16 26
1 2 3 4 5 6 8 9 14 16 31
1 2 3 4 5 6 8 9 16 17 24
1 2 3 4 5 6 8 9 16 17 26
1 2 3 4 5 6 8 9 16 17 30
1 2 3 4 5 6 8 9 16 18 24
1 2 3 4 5 6 8 9 16 18 28
1 2 3 4 5 6 8 9 16 22 24
1 2 3 4 5 6 8 9 16 22 26
1 2 3 4 5 6 8 9 16 23 24
1 2 3 4 5 6 8 9 16 23 26
1 2 3 4 5 6 8 15 16 23 24
1 2 3 4 5 6 8 15 16 23 25
1 2 3 4 5 8 9 14 15 16 17
1 2 3 4 5 8 9 14 15 16 18
1 2 3 4 5 8 9 14 15 16 22
1 2 3 4 5 8 9 14 16 17 22
1 2 3 4 5 8 9 14 16 17 30
1 2 3 4 5 8 9 14 16 18 20
1 2 3 4 5 8 9 14 16 18 28
1 2 3 4 5 8 9 14 16 18 29
1 2 3 4 5 8 9 14 16 22 26
1 2 3 4 5 8 9 16 17 30 31
1 2 3 4 5 8 9 16 18 20 23
1 2 3 4 5 8 9 16 18 20 24
1 2 3 4 5 8 9 16 18 20 26
1 2 3 4 5 8 9 16 18 20 30
1 2 3 4 5 8 9 16 18 28 30
1 2 3 4 5 8 9 16 18 28 31
1 2 3 4 5 8 9 16 22 26 28
1 2 3 4 5 8 9 16 22 26 29
1 2 3 4 5 8 10 12 15 16 22
1 2 3 4 5 8 10 12 16 19 21
1 2 3 4 5 8 10 12 16 19 28
1 2 3 4 5 8 10 12 16 19 29
1 2 3 4 5 8 10 12 16 22 25
1 2 3 4 5 8 10 12 16 22 27
1 2 3 4 5 8 10 16 20 24 31
1 2 3 4 5 8 10 16 20 25 31
1 2 3 4 5 8 10 16 22 25 31
1 2 3 4 5 8 14 16 22 24 31
1 2 3 4 5 8 14 16 22 25 31
1 2 3 4 5 8 14 16 22 26 28
1 2 3 4 5 8 14 16 22 26 29
1 2 4 7 8 11 13 14 16 19 21
1 2 4 7 8 11 13 16 19 21 25
