13
9
2
630
1 2 4 8 16 24 32 64 96 128 256 343 384
1 2 4 8 16 28 32 64 96 128 256 339 384
1 2 4 8 16 28 32 64 96 128 256 347 384
1 2 4 8 14 16 32 64 112 128 256 365 384
1 2 4 8 16 32 64 76 112 128 256 291 384
1 2 4 8 16 32 64 76 112 128 256 299 384
1 2 4 8 16 32 64 78 112 128 256 301 384
1 2 4 8 16 32 64 76 112 128 256 323 384
1 2 4 8 16 32 64 76 112 128 256 355 384
1 2 4 8 16 32 64 76 112 128 256 363 384
1 2 4 8 16 32 64 102 120 128 256 373 384
1 2 4 8 16 32 64 87 96 128 256 280 384
1 2 4 8 16 32 64 83 96 128 256 284 384
1 2 4 8 16 32 64 91 96 128 256 284 384
1 2 4 8 16 32 64 109 112 128 256 270 384
1 2 4 8 16 23 32 64 96 128 256 344 384
1 2 4 8 16 27 32 64 96 128 256 348 384
1 2 4 8 16 32 43 64 112 128 256 332 384
1 2 4 8 11 16 32 64 112 128 256 364 384
1 2 4 8 16 32 64 99 112 128 256 332 384
1 2 4 8 16 32 64 107 112 128 256 332 384
1 2 4 8 16 32 64 71 112 128 256 360 384
1 2 4 8 16 32 64 75 112 128 256 364 384
1 2 4 8 16 32 64 96 128 199 256 280 384
1 2 4 8 16 32 64 96 128 215 256 280 384
1 2 4 8 16 32 64 96 128 211 256 284 384
1 2 4 8 16 32 64 96 128 219 256 284 384
1 2 4 8 16 32 64 112 128 227 256 268 384
1 2 4 8 16 32 64 112 128 237 256 270 384
1 2 4 8 16 32 64 96 128 143 256 336 384
1 2 4 8 16 32 64 96 128 135 256 344 384
1 2 4 8 16 32 64 96 128 151 256 344 384
1 2 4 8 16 32 64 96 128 155 256 348 384
1 2 4 8 16 32 64 96 128 175 256 336 384
1 2 4 8 16 32 64 96 128 167 256 344 384
1 2 4 8 16 32 64 96 128 191 256 336 384
1 2 4 8 16 32 64 96 128 183 256 344 384
1 2 4 8 16 32 64 96 128 179 256 348 384
1 2 4 8 16 32 64 96 128 187 256 348 384
1 2 4 8 16 32 64 112 128 163 256 332 384
1 2 4 8 16 32 64 112 128 171 256 332 384
1 2 4 8 16 32 64 112 128 173 256 334 384
1 2 4 8 16 32 64 112 128 135 256 360 384
1 2 4 8 16 32 64 112 128 139 256 364 384
1 2 4 8 16 32 64 96 128 207 256 336 384
1 2 4 8 16 32 64 96 128 199 256 344 384
1 2 4 8 16 32 64 96 128 215 256 344 384
1 2 4 8 16 32 64 96 128 211 256 348 384
1 2 4 8 16 32 64 112 128 195 256 332 384
1 2 4 8 16 32 64 112 128 227 256 332 384
1 2 4 8 16 32 64 112 128 235 256 332 384
1 2 4 8 16 32 64 112 128 199 256 360 384
1 2 4 8 16 32 64 112 128 203 256 364 384
1 2 4 8 16 32 64 112 128 231 256 360 384
1 2 4 8 16 32 64 112 128 227 256 364 384
1 2 4 8 16 32 64 112 128 235 256 364 384
1 2 4 8 16 32 64 120 128 245 256 358 384
1 2 4 8 16 32 56 64 128 149 256 294 448
1 2 4 8 16 32 43 48 64 128 256 396 448
1 2 4 8 16 32 64 96 128 256 280 327 384
1 2 4 8 16 32 64 96 128 256 280 343 384
1 2 4 8 16 32 64 96 128 256 284 339 384
1 2 4 8 16 32 64 112 128 256 268 355 384
1 2 4 8 16 32 64 96 128 256 271 336 384
1 2 4 8 16 32 64 96 128 256 263 344 384
1 2 4 8 16 32 64 96 128 256 279 344 384
1 2 4 8 16 32 64 96 128 256 283 348 384
1 2 4 8 16 32 64 112 128 256 291 332 384
1 2 4 8 16 32 64 112 128 256 299 332 384
1 2 4 8 16 32 64 112 128 256 301 334 384
1 2 4 8 16 32 64 112 128 256 263 360 384
1 2 4 8 16 32 64 112 128 256 267 364 384
1 2 4 8 16 32 64 96 128 256 335 336 384
1 2 4 8 16 32 64 96 128 256 327 344 384
1 2 4 8 16 32 64 96 128 256 343 344 384
1 2 4 8 16 32 64 96 128 256 339 348 384
1 2 4 8 16 32 64 112 128 256 323 332 384
1 2 4 8 16 32 64 112 128 256 332 355 384
1 2 4 8 16 32 64 112 128 256 332 363 384
1 2 4 8 16 32 64 112 128 256 327 360 384
1 2 4 8 16 32 64 112 128 256 331 364 384
1 2 4 8 16 32 64 112 128 256 359 360 384
1 2 4 8 16 32 64 112 128 256 355 364 384
1 2 4 8 16 32 64 112 128 256 363 364 384
1 2 4 8 16 32 64 120 128 256 358 373 384
1 2 4 8 16 32 56 64 128 256 294 405 448
1 2 4 8 16 32 56 64 128 256 294 437 448
1 2 4 8 16 32 48 64 128 256 299 396 448
1 2 4 8 16 32 56 64 128 256 259 436 448
1 2 4 8 16 32 56 64 128 256 309 422 448
1 2 4 8 16 32 56 64 128 256 291 436 448
1 2 4 8 16 32 48 64 128 256 355 396 448
1 2 4 8 16 32 48 64 128 256 327 424 448
1 2 4 8 16 32 56 64 128 256 323 436 448
1 2 4 8 16 32 48 64 128 256 396 419 448
1 2 4 8 16 32 48 64 128 256 396 427 448
1 2 4 8 16 32 48 64 128 256 391 424 448
1 2 4 8 16 32 48 64 128 256 395 428 448
1 2 4 8 16 32 56 64 128 256 405 422 448
1 2 4 8 16 32 56 64 128 256 387 436 448
1 2 4 8 16 32 56 64 128 256 422 437 448
1 2 4 8 16 32 56 64 128 256 419 436 448
1 2 4 8 16 32 56 64 128 256 435 436 448
1 2 4 8 16 32 56 64 128 256 437 438 448
1 2 4 8 16 28 32 64 83 128 256 352 384
1 2 4 8 16 28 32 64 91 128 256 352 384
1 2 4 8 16 23 32 64 88 128 256 352 384
1 2 4 8 16 27 32 64 92 128 256 352 384
1 2 4 8 16 32 35 64 76 128 256 368 384
1 2 4 8 16 32 45 64 78 128 256 368 384
1 2 4 8 11 16 32 64 108 128 256 368 384
1 2 4 8 16 32 64 71 88 128 256 352 384
1 2 4 8 16 32 64 87 88 128 256 352 384
1 2 4 8 16 32 64 83 92 128 256 352 384
1 2 4 8 16 32 64 76 99 128 256 368 384
1 2 4 8 16 32 64 75 108 128 256 368 384
1 2 4 8 16 32 64 99 108 128 256 368 384
1 2 4 8 16 32 64 107 108 128 256 368 384
1 2 4 8 16 32 48 64 128 175 256 320 384
1 2 4 8 16 32 56 64 128 167 256 320 384
1 2 4 8 16 32 56 64 128 183 256 320 384
1 2 4 8 16 32 60 64 128 179 256 320 384
1 2 4 8 16 28 32 64 128 147 256 352 384
1 2 4 8 16 32 48 64 128 239 256 320 384
1 2 4 8 16 32 56 64 128 231 256 320 384
1 2 4 8 16 32 56 64 128 247 256 320 384
1 2 4 8 16 32 60 64 128 243 256 320 384
1 2 4 8 16 28 32 64 128 211 256 352 384
1 2 4 8 16 28 32 64 128 219 256 352 384
1 2 4 8 16 32 64 88 128 135 256 352 384
1 2 4 8 16 32 64 88 128 151 256 352 384
1 2 4 8 16 32 64 92 128 155 256 352 384
1 2 4 8 16 32 64 80 128 175 256 352 384
1 2 4 8 16 32 64 88 128 167 256 352 384
1 2 4 8 16 32 64 88 128 183 256 352 384
1 2 4 8 16 32 64 92 128 179 256 352 384
1 2 4 8 16 32 64 92 128 187 256 352 384
1 2 4 8 16 32 64 76 128 163 256 368 384
1 2 4 8 16 32 64 78 128 173 256 368 384
1 2 4 8 16 32 64 108 128 139 256 368 384
1 2 4 8 16 32 64 88 128 199 256 352 384
1 2 4 8 16 32 64 88 128 215 256 352 384
1 2 4 8 16 32 64 92 128 211 256 352 384
1 2 4 8 16 32 64 76 128 227 256 368 384
1 2 4 8 16 32 64 104 128 215 256 368 384
1 2 4 8 16 32 64 108 128 211 256 368 384
1 2 4 8 16 32 64 108 128 227 256 368 384
1 2 4 8 16 32 64 108 128 235 256 368 384
1 2 4 8 14 16 32 64 128 173 256 304 448
1 2 4 8 16 32 47 64 128 176 256 320 384
1 2 4 8 16 32 39 64 128 184 256 320 384
1 2 4 8 16 32 55 64 128 184 256 320 384
1 2 4 8 16 32 64 95 128 160 256 320 384
1 2 4 8 16 32 64 79 128 176 256 320 384
1 2 4 8 16 32 64 71 128 184 256 320 384
1 2 4 8 16 32 64 127 128 160 256 320 384
1 2 4 8 16 32 64 111 128 176 256 320 384
1 2 4 8 16 32 64 103 128 184 256 320 384
1 2 4 8 16 32 64 119 128 184 256 320 384
1 2 4 8 16 32 64 115 128 188 256 320 384
1 2 4 8 16 32 64 71 128 152 256 352 384
1 2 4 8 16 32 64 87 128 152 256 352 384
1 2 4 8 16 32 64 83 128 156 256 352 384
1 2 4 8 16 32 64 91 128 156 256 352 384
1 2 4 8 16 32 64 99 128 140 256 368 384
1 2 4 8 16 32 64 109 128 142 256 368 384
1 2 4 8 16 32 63 64 128 224 256 320 384
1 2 4 8 16 32 47 64 128 240 256 320 384
1 2 4 8 16 32 39 64 128 248 256 320 384
1 2 4 8 16 32 55 64 128 248 256 320 384
1 2 4 8 16 23 32 64 128 216 256 352 384
1 2 4 8 16 27 32 64 128 220 256 352 384
1 2 4 8 16 32 47 64 128 208 256 352 384
1 2 4 8 16 32 39 64 128 216 256 352 384
1 2 4 8 16 32 63 64 128 208 256 352 384
1 2 4 8 16 32 55 64 128 216 256 352 384
1 2 4 8 16 32 59 64 128 220 256 352 384
1 2 4 8 16 32 43 64 128 204 256 368 384
1 2 4 8 11 16 32 64 128 236 256 368 384
1 2 4 8 16 32 64 79 128 208 256 352 384
1 2 4 8 16 32 64 71 128 216 256 352 384
1 2 4 8 16 32 64 87 128 216 256 352 384
1 2 4 8 16 32 64 99 128 204 256 368 384
1 2 4 8 16 32 64 71 128 232 256 368 384
1 2 4 8 16 32 64 75 128 236 256 368 384
1 2 4 8 16 32 64 87 128 232 256 368 384
1 2 4 8 16 32 64 103 128 232 256 368 384
1 2 4 8 16 32 64 107 128 236 256 368 384
1 2 4 8 16 32 35 64 128 140 256 304 448
1 2 4 8 16 32 43 64 128 140 256 304 448
1 2 4 8 16 32 45 64 128 142 256 304 448
1 2 4 8 11 16 32 64 128 172 256 304 448
1 2 4 8 16 32 35 64 128 180 256 312 448
1 2 4 8 16 32 64 79 128 144 256 288 448
1 2 4 8 16 32 64 71 128 152 256 288 448
1 2 4 8 16 32 64 87 128 152 256 288 448
1 2 4 8 16 32 64 83 128 156 256 288 448
1 2 4 8 16 32 64 91 128 156 256 288 448
1 2 4 8 16 32 64 67 128 140 256 304 448
1 2 4 8 16 32 64 99 128 140 256 304 448
1 2 4 8 16 32 64 107 128 140 256 304 448
1 2 4 8 16 32 64 109 128 142 256 304 448
1 2 4 8 16 32 64 71 128 168 256 304 448
1 2 4 8 16 32 64 75 128 172 256 304 448
1 2 4 8 16 32 64 87 128 168 256 304 448
1 2 4 8 16 32 64 83 128 172 256 304 448
1 2 4 8 16 32 64 95 128 168 256 304 448
1 2 4 8 16 32 64 91 128 172 256 304 448
1 2 4 8 16 32 64 93 128 174 256 304 448
1 2 4 8 16 32 64 85 128 166 256 312 448
1 2 4 8 16 32 64 67 128 180 256 312 448
1 2 4 8 16 32 64 128 143 176 256 320 384
1 2 4 8 16 32 64 128 135 184 256 320 384
1 2 4 8 16 32 64 128 175 176 256 320 384
1 2 4 8 16 32 64 128 167 184 256 320 384
1 2 4 8 16 32 64 128 179 188 256 320 384
1 2 4 8 16 32 64 128 147 156 256 352 384
1 2 4 8 16 32 64 128 160 223 256 320 384
1 2 4 8 16 32 64 128 176 207 256 320 384
1 2 4 8 16 32 64 128 184 199 256 320 384
1 2 4 8 16 32 64 128 176 239 256 320 384
1 2 4 8 16 32 64 128 184 231 256 320 384
1 2 4 8 16 32 64 128 188 243 256 320 384
1 2 4 8 16 32 64 128 152 199 256 352 384
1 2 4 8 16 32 64 128 156 211 256 352 384
1 2 4 8 16 32 64 128 140 227 256 368 384
1 2 4 8 16 32 64 128 159 224 256 320 384
1 2 4 8 16 32 64 128 143 240 256 320 384
1 2 4 8 16 32 64 128 191 224 256 320 384
1 2 4 8 16 32 64 128 175 240 256 320 384
1 2 4 8 16 32 64 128 167 248 256 320 384
1 2 4 8 16 32 64 128 183 248 256 320 384
1 2 4 8 16 32 64 128 135 216 256 352 384
1 2 4 8 16 32 64 128 151 216 256 352 384
1 2 4 8 16 32 64 128 155 220 256 352 384
1 2 4 8 16 32 64 128 139 236 256 368 384
1 2 4 8 16 32 64 128 223 224 256 320 384
1 2 4 8 16 32 64 128 207 240 256 320 384
1 2 4 8 16 32 64 128 199 248 256 320 384
1 2 4 8 16 32 64 128 239 240 256 320 384
1 2 4 8 16 32 64 128 231 248 256 320 384
1 2 4 8 16 32 64 128 243 252 256 320 384
1 2 4 8 16 32 64 128 199 216 256 352 384
1 2 4 8 16 32 64 128 215 216 256 352 384
1 2 4 8 16 32 64 128 211 220 256 352 384
1 2 4 8 16 32 64 128 204 227 256 368 384
1 2 4 8 16 32 64 128 203 236 256 368 384
1 2 4 8 16 32 64 128 227 236 256 368 384
1 2 4 8 16 32 64 128 235 236 256 368 384
1 2 4 8 16 32 64 128 140 163 256 304 448
1 2 4 8 16 32 64 128 139 172 256 304 448
1 2 4 8 16 32 64 128 163 172 256 304 448
1 2 4 8 16 32 64 128 171 172 256 304 448
1 2 4 8 16 32 64 128 167 200 256 272 480
1 2 4 8 16 32 64 128 163 204 256 272 480
1 2 4 8 16 32 64 128 163 212 256 280 480
1 2 4 8 14 16 32 45 64 128 256 432 448
1 2 4 8 11 16 32 44 64 128 256 432 448
1 2 4 8 16 32 35 44 64 128 256 432 448
1 2 4 8 16 32 43 44 64 128 256 432 448
1 2 4 8 16 32 48 64 128 256 303 320 384
1 2 4 8 16 32 56 64 128 256 295 320 384
1 2 4 8 16 32 56 64 128 256 311 320 384
1 2 4 8 16 32 60 64 128 256 307 320 384
1 2 4 8 16 28 32 64 128 256 275 352 384
1 2 4 8 16 28 32 64 128 256 339 352 384
1 2 4 8 16 28 32 64 128 256 347 352 384
1 2 4 8 16 32 64 88 128 256 263 352 384
1 2 4 8 16 32 64 88 128 256 279 352 384
1 2 4 8 16 32 64 92 128 256 283 352 384
1 2 4 8 16 32 64 76 128 256 291 368 384
1 2 4 8 16 32 64 78 128 256 301 368 384
1 2 4 8 16 32 64 108 128 256 267 368 384
1 2 4 8 16 32 64 88 128 256 327 352 384
1 2 4 8 16 32 64 88 128 256 343 352 384
1 2 4 8 16 32 64 92 128 256 339 352 384
1 2 4 8 16 32 64 76 128 256 355 368 384
1 2 4 8 16 32 64 108 128 256 355 368 384
1 2 4 8 16 32 64 108 128 256 363 368 384
1 2 4 8 14 16 32 64 128 256 304 429 448
1 2 4 8 16 32 64 128 160 256 287 320 384
1 2 4 8 16 32 64 128 176 256 271 320 384
1 2 4 8 16 32 64 128 176 256 303 320 384
1 2 4 8 16 32 64 128 184 256 295 320 384
1 2 4 8 16 32 64 128 184 256 311 320 384
1 2 4 8 16 32 64 128 152 256 263 352 384
1 2 4 8 16 32 64 128 152 256 327 352 384
1 2 4 8 16 32 64 128 152 256 343 352 384
1 2 4 8 16 32 64 128 156 256 339 352 384
1 2 4 8 16 32 64 128 156 256 347 352 384
1 2 4 8 16 32 64 128 192 256 319 320 384
1 2 4 8 16 32 64 128 224 256 287 320 384
1 2 4 8 16 32 64 128 240 256 271 320 384
1 2 4 8 16 32 64 128 208 256 271 352 384
1 2 4 8 16 32 64 128 216 256 263 352 384
1 2 4 8 16 32 64 128 208 256 303 352 384
1 2 4 8 16 32 64 128 216 256 295 352 384
1 2 4 8 16 32 64 128 232 256 263 368 384
1 2 4 8 16 32 64 128 208 256 335 352 384
1 2 4 8 16 32 64 128 216 256 327 352 384
1 2 4 8 16 32 64 128 216 256 343 352 384
1 2 4 8 16 32 64 128 204 256 355 368 384
1 2 4 8 16 32 64 128 204 256 363 368 384
1 2 4 8 16 32 64 128 232 256 327 368 384
1 2 4 8 16 32 64 128 140 256 291 304 448
1 2 4 8 16 32 64 128 140 256 299 304 448
1 2 4 8 16 32 64 128 142 256 301 304 448
1 2 4 8 16 32 64 128 168 256 263 304 448
1 2 4 8 16 32 64 128 180 256 259 312 448
1 2 4 8 16 32 64 128 166 256 309 312 448
1 2 4 8 16 32 64 128 180 256 291 312 448
1 2 4 8 16 32 64 128 144 256 288 335 448
1 2 4 8 16 32 64 128 152 256 288 327 448
1 2 4 8 16 32 64 128 152 256 288 343 448
1 2 4 8 16 32 64 128 156 256 288 339 448
1 2 4 8 16 32 64 128 140 256 304 323 448
1 2 4 8 16 32 64 128 140 256 304 355 448
1 2 4 8 16 32 64 128 140 256 304 363 448
1 2 4 8 16 32 64 128 168 256 304 327 448
1 2 4 8 16 32 64 128 180 256 312 323 448
1 2 4 8 16 32 64 128 168 256 304 359 448
1 2 4 8 16 32 64 128 172 256 304 355 448
1 2 4 8 16 32 64 128 172 256 304 363 448
1 2 4 8 16 32 64 128 166 256 312 373 448
1 2 4 8 16 32 64 128 180 256 312 355 448
1 2 4 8 16 32 64 128 180 256 312 371 448
1 2 4 8 16 32 64 128 182 256 312 373 448
1 2 4 8 16 32 64 128 160 256 320 384 415
1 2 4 8 16 32 64 128 176 256 320 384 399
1 2 4 8 16 32 64 128 184 256 320 384 391
1 2 4 8 16 32 64 128 176 256 320 384 431
1 2 4 8 16 32 64 128 184 256 320 384 423
1 2 4 8 16 32 64 128 188 256 320 384 435
1 2 4 8 16 32 64 128 152 256 352 384 391
1 2 4 8 16 32 64 128 156 256 352 384 403
1 2 4 8 16 32 64 128 152 256 352 384 455
1 2 4 8 16 32 64 128 152 256 352 384 471
1 2 4 8 16 32 64 128 156 256 352 384 467
1 2 4 8 16 32 64 128 208 256 352 384 399
1 2 4 8 16 32 64 128 216 256 352 384 391
1 2 4 8 16 32 64 128 216 256 352 384 407
1 2 4 8 16 32 64 128 220 256 352 384 411
1 2 4 8 16 32 64 128 208 256 352 384 431
1 2 4 8 16 32 64 128 216 256 352 384 423
1 2 4 8 16 32 64 128 216 256 352 384 439
1 2 4 8 16 32 64 128 220 256 352 384 435
1 2 4 8 16 32 64 128 204 256 368 384 419
1 2 4 8 16 32 64 128 204 256 368 384 427
1 2 4 8 16 32 64 128 206 256 368 384 429
1 2 4 8 16 32 64 128 140 256 304 387 448
1 2 4 8 16 32 64 128 140 256 304 419 448
1 2 4 8 16 32 64 128 140 256 304 427 448
1 2 4 8 16 32 64 128 168 256 304 391 448
1 2 4 8 16 32 64 128 172 256 304 395 448
1 2 4 8 16 32 64 128 166 256 312 405 448
1 2 4 8 16 32 64 128 180 256 312 387 448
1 2 4 8 16 32 64 128 198 256 280 469 480
1 2 4 8 16 32 64 128 212 256 280 451 480
1 2 4 8 16 24 32 64 128 256 279 416 448
1 2 4 8 16 28 32 64 128 256 275 416 448
1 2 4 8 16 28 32 64 128 256 283 416 448
1 2 4 8 14 16 32 64 128 256 301 432 448
1 2 4 8 16 32 44 64 128 256 267 432 448
1 2 4 8 16 32 44 64 128 256 291 432 448
1 2 4 8 16 32 44 64 128 256 299 432 448
1 2 4 8 16 24 32 64 128 256 343 416 448
1 2 4 8 16 28 32 64 128 256 339 416 448
1 2 4 8 16 28 32 64 128 256 347 416 448
1 2 4 8 16 32 64 76 128 256 291 400 480
1 2 4 8 16 32 64 76 128 256 299 400 480
1 2 4 8 16 32 64 78 128 256 301 400 480
1 2 4 8 16 32 64 100 128 256 339 392 496
1 2 4 8 16 24 32 64 128 256 407 416 448
1 2 4 8 16 28 32 64 128 256 403 416 448
1 2 4 8 16 28 32 64 128 256 411 416 448
1 2 4 8 14 16 32 64 128 256 429 432 448
1 2 4 8 16 32 44 64 128 256 395 432 448
1 2 4 8 16 32 44 64 128 256 419 432 448
1 2 4 8 16 32 44 64 128 256 427 432 448
1 2 4 8 16 32 54 64 128 256 437 440 448
1 2 4 8 16 32 64 70 128 256 405 408 480
1 2 4 8 16 32 64 84 128 256 387 408 480
1 2 4 8 16 32 47 64 128 256 304 320 384
1 2 4 8 16 32 39 64 128 256 312 320 384
1 2 4 8 16 32 55 64 128 256 312 320 384
1 2 4 8 16 32 64 71 128 256 280 352 384
1 2 4 8 16 32 64 87 128 256 280 352 384
1 2 4 8 16 32 64 83 128 256 284 352 384
1 2 4 8 16 32 64 91 128 256 284 352 384
1 2 4 8 16 32 64 99 128 256 268 368 384
1 2 4 8 16 32 64 109 128 256 270 368 384
1 2 4 8 16 23 32 64 128 256 344 352 384
1 2 4 8 16 27 32 64 128 256 348 352 384
1 2 4 8 16 32 43 64 128 256 332 368 384
1 2 4 8 16 32 64 79 128 256 336 352 384
1 2 4 8 16 32 64 71 128 256 344 352 384
1 2 4 8 16 32 64 87 128 256 344 352 384
1 2 4 8 16 32 64 99 128 256 332 368 384
1 2 4 8 16 32 64 71 128 256 360 368 384
1 2 4 8 16 32 64 75 128 256 364 368 384
1 2 4 8 16 32 64 128 159 256 288 320 384
1 2 4 8 16 32 64 128 143 256 304 320 384
1 2 4 8 16 32 64 128 135 256 312 320 384
1 2 4 8 16 32 64 128 175 256 304 320 384
1 2 4 8 16 32 64 128 167 256 312 320 384
1 2 4 8 16 32 64 128 183 256 312 320 384
1 2 4 8 16 32 64 128 179 256 316 320 384
1 2 4 8 16 32 64 128 135 256 280 352 384
1 2 4 8 16 32 64 128 147 256 284 352 384
1 2 4 8 16 32 64 128 223 256 288 320 384
1 2 4 8 16 32 64 128 207 256 304 320 384
1 2 4 8 16 32 64 128 199 256 312 320 384
1 2 4 8 16 32 64 128 199 256 280 352 384
1 2 4 8 16 32 64 128 227 256 268 368 384
1 2 4 8 16 32 64 128 143 256 336 352 384
1 2 4 8 16 32 64 128 135 256 344 352 384
1 2 4 8 16 32 64 128 151 256 344 352 384
1 2 4 8 16 32 64 128 155 256 348 352 384
1 2 4 8 16 32 64 128 175 256 336 352 384
1 2 4 8 16 32 64 128 167 256 344 352 384
1 2 4 8 16 32 64 128 163 256 332 368 384
1 2 4 8 16 32 64 128 207 256 336 352 384
1 2 4 8 16 32 64 128 199 256 344 352 384
1 2 4 8 16 32 64 128 215 256 344 352 384
1 2 4 8 16 32 64 128 211 256 348 352 384
1 2 4 8 16 32 64 128 195 256 332 368 384
1 2 4 8 16 32 64 128 227 256 332 368 384
1 2 4 8 16 32 64 128 199 256 360 368 384
1 2 4 8 16 32 64 128 203 256 364 368 384
1 2 4 8 16 32 64 128 131 256 268 304 448
1 2 4 8 16 32 64 128 163 256 268 304 448
1 2 4 8 16 32 43 64 128 256 304 396 448
1 2 4 8 11 16 32 64 128 256 304 428 448
1 2 4 8 16 32 35 64 128 256 312 436 448
1 2 4 8 16 32 64 79 128 256 288 400 448
1 2 4 8 16 32 64 71 128 256 288 408 448
1 2 4 8 16 32 64 87 128 256 288 408 448
1 2 4 8 16 32 64 91 128 256 288 412 448
1 2 4 8 16 32 64 99 128 256 304 396 448
1 2 4 8 16 32 64 71 128 256 304 424 448
1 2 4 8 16 32 64 75 128 256 304 428 448
1 2 4 8 16 32 64 103 128 256 304 424 448
1 2 4 8 16 32 64 107 128 256 304 428 448
1 2 4 8 16 32 64 99 128 256 312 436 448
1 2 4 8 16 32 64 128 163 256 304 396 448
1 2 4 8 16 32 64 128 171 256 304 396 448
1 2 4 8 16 32 64 128 135 256 304 424 448
1 2 4 8 16 32 64 128 139 256 304 428 448
1 2 4 8 16 23 32 64 128 256 280 416 448
1 2 4 8 16 27 32 64 128 256 284 416 448
1 2 4 8 16 32 35 64 128 256 268 432 448
1 2 4 8 16 32 45 64 128 256 270 432 448
1 2 4 8 11 16 32 64 128 256 300 432 448
1 2 4 8 16 32 43 64 128 256 300 432 448
1 2 4 8 16 32 64 71 128 256 280 416 448
1 2 4 8 16 32 64 87 128 256 280 416 448
1 2 4 8 16 32 64 83 128 256 284 416 448
1 2 4 8 16 32 64 91 128 256 284 416 448
1 2 4 8 16 32 64 111 128 256 272 416 448
1 2 4 8 16 32 64 103 128 256 280 416 448
1 2 4 8 16 32 64 99 128 256 268 432 448
1 2 4 8 16 32 64 87 128 256 296 432 448
1 2 4 8 16 32 64 83 128 256 300 432 448
1 2 4 8 16 32 64 99 128 256 300 432 448
1 2 4 8 16 32 64 107 128 256 300 432 448
1 2 4 8 16 32 64 107 128 256 308 440 448
1 2 4 8 16 32 64 117 128 256 310 440 448
1 2 4 8 16 23 32 64 128 256 344 416 448
1 2 4 8 16 27 32 64 128 256 348 416 448
1 2 4 8 16 32 47 64 128 256 336 416 448
1 2 4 8 16 32 39 64 128 256 344 416 448
1 2 4 8 16 32 35 64 128 256 332 432 448
1 2 4 8 16 32 39 64 128 256 328 400 480
1 2 4 8 16 32 43 64 128 256 332 400 480
1 2 4 8 16 32 64 83 128 256 356 392 496
1 2 4 8 16 32 64 128 135 256 280 416 448
1 2 4 8 16 32 64 128 151 256 280 416 448
1 2 4 8 16 32 64 128 147 256 284 416 448
1 2 4 8 16 32 64 128 155 256 284 416 448
1 2 4 8 16 32 64 128 163 256 268 432 448
1 2 4 8 16 32 64 128 173 256 270 432 448
1 2 4 8 16 32 64 128 139 256 300 432 448
1 2 4 8 16 32 64 128 149 256 326 408 480
1 2 4 8 16 32 64 128 167 256 328 400 480
1 2 4 8 16 32 64 128 163 256 332 400 480
1 2 4 8 16 32 64 128 171 256 332 400 480
1 2 4 8 16 32 64 128 131 256 268 464 480
1 2 4 8 16 32 64 128 139 256 268 464 480
1 2 4 8 16 32 64 128 141 256 270 464 480
1 2 4 8 16 32 64 128 149 256 294 456 496
1 2 4 8 16 23 32 64 128 256 408 416 448
1 2 4 8 16 27 32 64 128 256 412 416 448
1 2 4 8 16 32 35 64 128 256 396 432 448
1 2 4 8 16 32 43 64 128 256 396 432 448
1 2 4 8 16 32 45 64 128 256 398 432 448
1 2 4 8 11 16 32 64 128 256 428 432 448
1 2 4 8 16 32 39 64 128 256 424 432 448
1 2 4 8 16 32 43 64 128 256 428 432 448
1 2 4 8 16 32 35 64 128 256 436 440 448
1 2 4 8 16 32 64 85 128 256 408 454 480
1 2 4 8 16 32 64 67 128 256 408 468 480
1 2 4 8 16 32 64 128 256 287 288 320 384
1 2 4 8 16 32 64 128 256 271 304 320 384
1 2 4 8 16 32 64 128 256 263 312 320 384
1 2 4 8 16 32 64 128 256 303 304 320 384
1 2 4 8 16 32 64 128 256 295 312 320 384
1 2 4 8 16 32 64 128 256 307 316 320 384
1 2 4 8 16 32 64 128 256 263 280 352 384
1 2 4 8 16 32 64 128 256 275 284 352 384
1 2 4 8 16 32 64 128 256 280 327 352 384
1 2 4 8 16 32 64 128 256 280 343 352 384
1 2 4 8 16 32 64 128 256 284 339 352 384
1 2 4 8 16 32 64 128 256 271 336 352 384
1 2 4 8 16 32 64 128 256 263 344 352 384
1 2 4 8 16 32 64 128 256 279 344 352 384
1 2 4 8 16 32 64 128 256 283 348 352 384
1 2 4 8 16 32 64 128 256 291 332 368 384
1 2 4 8 16 32 64 128 256 335 336 352 384
1 2 4 8 16 32 64 128 256 327 344 352 384
1 2 4 8 16 32 64 128 256 343 344 352 384
1 2 4 8 16 32 64 128 256 339 348 352 384
1 2 4 8 16 32 64 128 256 323 332 368 384
1 2 4 8 16 32 64 128 256 332 355 368 384
1 2 4 8 16 32 64 128 256 332 363 368 384
1 2 4 8 16 32 64 128 256 327 360 368 384
1 2 4 8 16 32 64 128 256 331 364 368 384
1 2 4 8 16 32 64 128 256 259 268 304 448
1 2 4 8 16 32 64 128 256 268 304 387 448
1 2 4 8 16 32 64 128 256 268 304 419 448
1 2 4 8 16 32 64 128 256 291 304 396 448
1 2 4 8 16 32 64 128 256 299 304 396 448
1 2 4 8 16 32 64 128 256 301 304 398 448
1 2 4 8 16 32 64 128 256 263 304 424 448
1 2 4 8 16 32 64 128 256 309 312 422 448
1 2 4 8 16 32 64 128 256 291 312 436 448
1 2 4 8 16 32 64 128 256 288 335 400 448
1 2 4 8 16 32 64 128 256 288 327 408 448
1 2 4 8 16 32 64 128 256 304 323 396 448
1 2 4 8 16 32 64 128 256 304 355 396 448
1 2 4 8 16 32 64 128 256 304 327 424 448
1 2 4 8 16 32 64 128 256 304 343 424 448
1 2 4 8 16 32 64 128 256 304 339 428 448
1 2 4 8 16 32 64 128 256 304 387 396 448
1 2 4 8 16 32 64 128 256 304 396 419 448
1 2 4 8 16 32 64 128 256 304 396 427 448
1 2 4 8 16 32 64 128 256 304 391 424 448
1 2 4 8 16 32 64 128 256 304 395 428 448
1 2 4 8 16 32 64 128 256 304 423 424 448
1 2 4 8 16 32 64 128 256 304 419 428 448
1 2 4 8 16 32 64 128 256 304 427 428 448
1 2 4 8 16 32 64 128 256 312 422 437 448
1 2 4 8 16 32 64 128 256 312 419 436 448
1 2 4 8 16 32 64 128 256 263 280 416 448
1 2 4 8 16 32 64 128 256 279 280 416 448
1 2 4 8 16 32 64 128 256 275 284 416 448
1 2 4 8 16 32 64 128 256 268 291 432 448
1 2 4 8 16 32 64 128 256 267 300 432 448
1 2 4 8 16 32 64 128 256 291 300 432 448
1 2 4 8 16 32 64 128 256 299 300 432 448
1 2 4 8 16 32 64 128 256 280 327 416 448
1 2 4 8 16 32 64 128 256 280 343 416 448
1 2 4 8 16 32 64 128 256 284 339 416 448
1 2 4 8 16 32 64 128 256 300 331 432 448
1 2 4 8 16 32 64 128 256 271 336 416 448
1 2 4 8 16 32 64 128 256 263 344 416 448
1 2 4 8 16 32 64 128 256 279 344 416 448
1 2 4 8 16 32 64 128 256 283 348 416 448
1 2 4 8 16 32 64 128 256 303 336 416 448
1 2 4 8 16 32 64 128 256 295 344 416 448
1 2 4 8 16 32 64 128 256 319 336 416 448
1 2 4 8 16 32 64 128 256 311 344 416 448
1 2 4 8 16 32 64 128 256 307 348 416 448
1 2 4 8 16 32 64 128 256 315 348 416 448
1 2 4 8 16 32 64 128 256 291 332 432 448
1 2 4 8 16 32 64 128 256 299 332 432 448
1 2 4 8 16 32 64 128 256 301 334 432 448
1 2 4 8 16 32 64 128 256 277 326 408 480
1 2 4 8 16 32 64 128 256 327 344 416 448
1 2 4 8 16 32 64 128 256 343 344 416 448
1 2 4 8 16 32 64 128 256 339 348 416 448
1 2 4 8 16 32 64 128 256 280 391 416 448
1 2 4 8 16 32 64 128 256 280 407 416 448
1 2 4 8 16 32 64 128 256 284 403 416 448
1 2 4 8 16 32 64 128 256 268 419 432 448
1 2 4 8 16 32 64 128 256 300 419 432 448
1 2 4 8 16 32 64 128 256 300 427 432 448
1 2 4 8 16 32 64 128 256 336 399 416 448
1 2 4 8 16 32 64 128 256 344 391 416 448
1 2 4 8 16 32 64 128 256 332 419 432 448
1 2 4 8 16 32 64 128 256 332 400 419 480
1 2 4 8 16 32 64 128 256 326 408 469 480
1 2 4 8 16 32 64 128 256 268 387 464 480
1 2 4 8 16 32 64 128 256 268 395 464 480
1 2 4 8 16 32 64 128 256 278 405 472 480
1 2 4 8 16 32 64 128 256 271 400 416 448
1 2 4 8 16 32 64 128 256 263 408 416 448
1 2 4 8 16 32 64 128 256 279 408 416 448
1 2 4 8 16 32 64 128 256 283 412 416 448
1 2 4 8 16 32 64 128 256 291 396 432 448
1 2 4 8 16 32 64 128 256 263 424 432 448
1 2 4 8 16 32 64 128 256 267 428 432 448
1 2 4 8 16 32 64 128 256 295 424 432 448
1 2 4 8 16 32 64 128 256 299 428 432 448
1 2 4 8 16 32 64 128 256 291 436 440 448
1 2 4 8 16 32 64 128 256 335 400 416 448
1 2 4 8 16 32 64 128 256 327 408 416 448
1 2 4 8 16 32 64 128 256 323 396 432 448
1 2 4 8 16 32 64 128 256 327 424 432 448
1 2 4 8 16 32 64 128 256 259 408 468 480
1 2 4 8 16 32 64 128 256 295 400 456 480
1 2 4 8 16 32 64 128 256 291 408 468 480
1 2 4 8 16 32 64 128 256 323 408 468 480
1 2 4 8 16 32 64 128 256 267 396 464 480
1 2 4 8 16 32 64 128 256 323 396 464 480
1 2 4 8 16 32 64 128 256 339 420 456 496
1 2 4 8 16 32 64 128 256 399 400 416 448
1 2 4 8 16 32 64 128 256 391 408 416 448
1 2 4 8 16 32 64 128 256 407 408 416 448
1 2 4 8 16 32 64 128 256 403 412 416 448
1 2 4 8 16 32 64 128 256 387 396 432 448
1 2 4 8 16 32 64 128 256 396 419 432 448
1 2 4 8 16 32 64 128 256 396 427 432 448
1 2 4 8 16 32 64 128 256 391 424 432 448
1 2 4 8 16 32 64 128 256 395 428 432 448
1 2 4 8 16 32 64 128 256 419 428 432 448
1 2 4 8 16 32 64 128 256 427 428 432 448
1 2 4 8 16 32 64 128 256 422 437 440 448
1 2 4 8 16 32 64 128 256 419 436 440 448
1 2 4 8 16 32 64 128 256 405 408 454 480
1 2 4 8 16 32 64 128 256 387 408 468 480
