13
11
2
13
1 2 4 8 16 32 64 128 256 512 1024 1535 1536
1 2 4 8 16 32 64 128 256 512 1024 1279 1792
1 2 4 8 16 32 64 128 256 512 1024 1151 1920
1 2 4 8 16 32 64 128 256 512 1024 1087 1984
1 2 4 8 16 32 64 128 256 512 1024 1055 2016
1 2 4 8 16 32 64 128 256 512 1024 1791 1792
1 2 4 8 16 32 64 128 256 512 1024 1663 1920
1 2 4 8 16 32 64 128 256 512 1024 1599 1984
1 2 4 8 16 32 64 128 256 512 1024 1567 2016
1 2 4 8 16 32 64 128 256 512 1024 1855 1984
1 2 4 8 16 32 64 128 256 512 1024 1823 2016
1 2 4 8 16 32 64 128 256 512 1024 1807 2032
1 2 4 8 16 32 64 128 256 512 1024 1935 2032
