14
10
2
1267
1 2 4 8 16 32 48 64 128 192 256 512 687 768
1 2 4 8 16 32 56 64 128 192 256 512 679 768
1 2 4 8 16 32 56 64 128 192 256 512 695 768
1 2 4 8 16 32 60 64 128 192 256 512 691 768
1 2 4 8 16 28 32 64 128 224 256 512 659 768
1 2 4 8 16 28 32 64 128 224 256 512 723 768
1 2 4 8 16 28 32 64 128 224 256 512 731 768
1 2 4 8 16 32 64 128 152 224 256 512 583 768
1 2 4 8 16 32 64 128 152 224 256 512 599 768
1 2 4 8 16 32 64 128 156 224 256 512 595 768
1 2 4 8 16 32 64 128 156 224 256 512 603 768
1 2 4 8 16 32 64 128 140 240 256 512 611 768
1 2 4 8 16 32 64 128 142 240 256 512 621 768
1 2 4 8 16 32 64 128 204 240 256 512 555 768
1 2 4 8 16 32 64 128 152 224 256 512 647 768
1 2 4 8 16 32 64 128 156 224 256 512 659 768
1 2 4 8 16 32 64 128 152 224 256 512 711 768
1 2 4 8 16 32 64 128 152 224 256 512 727 768
1 2 4 8 16 32 64 128 156 224 256 512 723 768
1 2 4 8 16 32 64 128 204 240 256 512 675 768
1 2 4 8 16 32 64 128 204 240 256 512 707 768
1 2 4 8 16 32 64 128 204 240 256 512 739 768
1 2 4 8 16 32 64 128 204 240 256 512 747 768
1 2 4 8 14 16 32 64 112 128 256 512 877 896
1 2 4 8 16 32 64 76 112 128 256 512 835 896
1 2 4 8 16 32 64 128 175 192 256 512 560 768
1 2 4 8 16 32 64 128 167 192 256 512 568 768
1 2 4 8 16 32 64 128 183 192 256 512 568 768
1 2 4 8 16 32 64 128 179 192 256 512 572 768
1 2 4 8 16 32 64 128 147 224 256 512 540 768
1 2 4 8 16 32 64 128 211 224 256 512 540 768
1 2 4 8 16 32 64 128 219 224 256 512 540 768
1 2 4 8 16 32 47 64 128 192 256 512 688 768
1 2 4 8 16 32 39 64 128 192 256 512 696 768
1 2 4 8 16 32 55 64 128 192 256 512 696 768
1 2 4 8 16 32 64 71 128 224 256 512 664 768
1 2 4 8 16 32 64 87 128 224 256 512 664 768
1 2 4 8 16 32 64 91 128 224 256 512 668 768
1 2 4 8 16 32 64 99 128 240 256 512 652 768
1 2 4 8 16 32 64 109 128 240 256 512 654 768
1 2 4 8 16 23 32 64 128 224 256 512 728 768
1 2 4 8 16 27 32 64 128 224 256 512 732 768
1 2 4 8 16 32 43 64 128 240 256 512 716 768
1 2 4 8 16 32 64 128 135 224 256 512 664 768
1 2 4 8 16 32 64 128 199 224 256 512 664 768
1 2 4 8 16 32 64 128 215 224 256 512 664 768
1 2 4 8 16 32 64 128 211 224 256 512 668 768
1 2 4 8 16 32 64 128 143 224 256 512 720 768
1 2 4 8 16 32 64 128 135 224 256 512 728 768
1 2 4 8 16 32 64 128 151 224 256 512 728 768
1 2 4 8 16 32 64 128 155 224 256 512 732 768
1 2 4 8 16 32 64 128 235 240 256 512 716 768
1 2 4 8 16 32 64 128 192 256 399 512 560 768
1 2 4 8 16 32 64 128 192 256 391 512 568 768
1 2 4 8 16 32 64 128 192 256 431 512 560 768
1 2 4 8 16 32 64 128 192 256 423 512 568 768
1 2 4 8 16 32 64 128 192 256 439 512 568 768
1 2 4 8 16 32 64 128 192 256 435 512 572 768
1 2 4 8 16 32 64 128 224 256 403 512 540 768
1 2 4 8 16 32 64 128 224 256 455 512 536 768
1 2 4 8 16 32 64 128 224 256 467 512 540 768
1 2 4 8 16 32 64 128 224 256 475 512 540 768
1 2 4 8 16 32 64 128 192 256 287 512 672 768
1 2 4 8 16 32 64 128 192 256 271 512 688 768
1 2 4 8 16 32 64 128 192 256 303 512 688 768
1 2 4 8 16 32 64 128 192 256 295 512 696 768
1 2 4 8 16 32 64 128 192 256 311 512 696 768
1 2 4 8 16 32 64 128 224 256 263 512 664 768
1 2 4 8 16 32 64 128 192 256 351 512 672 768
1 2 4 8 16 32 64 128 192 256 335 512 688 768
1 2 4 8 16 32 64 128 192 256 327 512 696 768
1 2 4 8 16 32 64 128 192 256 383 512 672 768
1 2 4 8 16 32 64 128 192 256 367 512 688 768
1 2 4 8 16 32 64 128 192 256 359 512 696 768
1 2 4 8 16 32 64 128 192 256 375 512 696 768
1 2 4 8 16 32 64 128 192 256 371 512 700 768
1 2 4 8 16 32 64 128 224 256 327 512 664 768
1 2 4 8 16 32 64 128 224 256 343 512 664 768
1 2 4 8 16 32 64 128 224 256 339 512 668 768
1 2 4 8 16 32 64 128 224 256 347 512 668 768
1 2 4 8 16 32 64 128 240 256 355 512 652 768
1 2 4 8 16 32 64 128 240 256 365 512 654 768
1 2 4 8 16 32 64 128 224 256 271 512 720 768
1 2 4 8 16 32 64 128 224 256 263 512 728 768
1 2 4 8 16 32 64 128 224 256 279 512 728 768
1 2 4 8 16 32 64 128 224 256 283 512 732 768
1 2 4 8 16 32 64 128 240 256 299 512 716 768
1 2 4 8 16 32 64 128 192 256 415 512 672 768
1 2 4 8 16 32 64 128 192 256 399 512 688 768
1 2 4 8 16 32 64 128 192 256 391 512 696 768
1 2 4 8 16 32 64 128 192 256 431 512 688 768
1 2 4 8 16 32 64 128 192 256 423 512 696 768
1 2 4 8 16 32 64 128 192 256 435 512 700 768
1 2 4 8 16 32 64 128 224 256 391 512 664 768
1 2 4 8 16 32 64 128 224 256 403 512 668 768
1 2 4 8 16 32 64 128 224 256 455 512 664 768
1 2 4 8 16 32 64 128 224 256 471 512 664 768
1 2 4 8 16 32 64 128 224 256 467 512 668 768
1 2 4 8 16 32 64 128 224 256 399 512 720 768
1 2 4 8 16 32 64 128 224 256 391 512 728 768
1 2 4 8 16 32 64 128 224 256 407 512 728 768
1 2 4 8 16 32 64 128 224 256 411 512 732 768
1 2 4 8 16 32 64 128 224 256 463 512 720 768
1 2 4 8 16 32 64 128 224 256 455 512 728 768
1 2 4 8 16 32 64 128 224 256 471 512 728 768
1 2 4 8 16 32 64 128 224 256 467 512 732 768
1 2 4 8 16 32 64 128 240 256 451 512 716 768
1 2 4 8 16 32 64 128 240 256 483 512 716 768
1 2 4 8 16 32 64 128 240 256 491 512 716 768
1 2 4 8 16 32 64 112 128 256 355 512 524 896
1 2 4 8 16 32 64 112 128 256 365 512 526 896
1 2 4 8 16 32 64 112 128 256 291 512 588 896
1 2 4 8 16 32 64 112 128 256 299 512 588 896
1 2 4 8 16 32 64 112 128 256 301 512 590 896
1 2 4 8 16 32 64 112 128 256 323 512 588 896
1 2 4 8 16 32 64 87 96 128 256 512 792 896
1 2 4 8 16 32 64 91 96 128 256 512 796 896
1 2 4 8 16 32 64 109 112 128 256 512 782 896
1 2 4 8 16 32 43 64 112 128 256 512 844 896
1 2 4 8 11 16 32 64 112 128 256 512 876 896
1 2 4 8 16 32 64 107 112 128 256 512 844 896
1 2 4 8 16 32 64 128 192 256 512 560 655 768
1 2 4 8 16 32 64 128 192 256 512 568 647 768
1 2 4 8 16 32 64 128 192 256 512 560 687 768
1 2 4 8 16 32 64 128 192 256 512 568 679 768
1 2 4 8 16 32 64 128 192 256 512 572 691 768
1 2 4 8 16 32 64 128 224 256 512 540 659 768
1 2 4 8 16 32 64 128 224 256 512 536 711 768
1 2 4 8 16 32 64 128 224 256 512 540 723 768
1 2 4 8 16 32 64 128 192 256 512 543 672 768
1 2 4 8 16 32 64 128 192 256 512 527 688 768
1 2 4 8 16 32 64 128 192 256 512 559 688 768
1 2 4 8 16 32 64 128 192 256 512 551 696 768
1 2 4 8 16 32 64 128 192 256 512 567 696 768
1 2 4 8 16 32 64 128 224 256 512 519 664 768
1 2 4 8 16 32 64 128 224 256 512 583 664 768
1 2 4 8 16 32 64 128 224 256 512 599 664 768
1 2 4 8 16 32 64 128 224 256 512 595 668 768
1 2 4 8 16 32 64 128 224 256 512 603 668 768
1 2 4 8 16 32 64 128 240 256 512 611 652 768
1 2 4 8 16 32 64 128 224 256 512 527 720 768
1 2 4 8 16 32 64 128 224 256 512 519 728 768
1 2 4 8 16 32 64 128 224 256 512 535 728 768
1 2 4 8 16 32 64 128 224 256 512 539 732 768
1 2 4 8 16 32 64 128 240 256 512 555 716 768
1 2 4 8 16 32 64 128 192 256 512 671 672 768
1 2 4 8 16 32 64 128 192 256 512 655 688 768
1 2 4 8 16 32 64 128 192 256 512 647 696 768
1 2 4 8 16 32 64 128 192 256 512 687 688 768
1 2 4 8 16 32 64 128 192 256 512 679 696 768
1 2 4 8 16 32 64 128 192 256 512 691 700 768
1 2 4 8 16 32 64 128 224 256 512 647 664 768
1 2 4 8 16 32 64 128 224 256 512 659 668 768
1 2 4 8 16 32 64 128 224 256 512 664 711 768
1 2 4 8 16 32 64 128 224 256 512 664 727 768
1 2 4 8 16 32 64 128 224 256 512 668 723 768
1 2 4 8 16 32 64 128 224 256 512 655 720 768
1 2 4 8 16 32 64 128 224 256 512 647 728 768
1 2 4 8 16 32 64 128 224 256 512 663 728 768
1 2 4 8 16 32 64 128 224 256 512 719 720 768
1 2 4 8 16 32 64 128 224 256 512 711 728 768
1 2 4 8 16 32 64 128 224 256 512 727 728 768
1 2 4 8 16 32 64 128 224 256 512 723 732 768
1 2 4 8 16 32 64 128 240 256 512 707 716 768
1 2 4 8 16 32 64 128 240 256 512 716 739 768
1 2 4 8 16 32 64 128 240 256 512 716 747 768
1 2 4 8 16 32 64 112 128 256 512 579 588 896
1 2 4 8 16 32 64 112 128 256 512 524 867 896
1 2 4 8 16 32 64 112 128 256 512 588 803 896
1 2 4 8 16 32 64 112 128 256 512 588 811 896
1 2 4 8 16 32 64 112 128 256 512 590 813 896
1 2 4 8 16 32 64 112 128 256 512 588 835 896
1 2 4 8 16 32 64 112 128 256 512 588 867 896
1 2 4 8 16 32 64 112 128 256 512 588 875 896
1 2 4 8 16 32 64 120 128 256 512 614 885 896
1 2 4 8 16 32 64 96 128 256 512 583 792 896
1 2 4 8 16 32 64 96 128 256 512 599 792 896
1 2 4 8 16 32 64 96 128 256 512 603 796 896
1 2 4 8 16 32 64 112 128 256 512 611 780 896
1 2 4 8 16 32 64 112 128 256 512 621 782 896
1 2 4 8 16 32 64 112 128 256 512 555 844 896
1 2 4 8 16 32 64 112 128 256 512 519 872 896
1 2 4 8 16 32 64 112 128 256 512 523 876 896
1 2 4 8 16 32 64 112 128 256 512 611 844 896
1 2 4 8 16 32 64 112 128 256 512 619 844 896
1 2 4 8 16 32 64 112 128 256 512 583 872 896
1 2 4 8 16 32 64 112 128 256 512 587 876 896
1 2 4 8 16 32 64 96 128 256 512 711 792 896
1 2 4 8 16 32 64 112 128 256 512 739 780 896
1 2 4 8 16 32 64 96 128 256 512 655 848 896
1 2 4 8 16 32 64 96 128 256 512 647 856 896
1 2 4 8 16 32 64 112 128 256 512 647 872 896
1 2 4 8 16 32 64 96 128 256 512 792 839 896
1 2 4 8 16 32 64 96 128 256 512 792 855 896
1 2 4 8 16 32 64 96 128 256 512 796 851 896
1 2 4 8 16 32 64 112 128 256 512 780 867 896
1 2 4 8 16 32 64 96 128 256 512 783 848 896
1 2 4 8 16 32 64 96 128 256 512 775 856 896
1 2 4 8 16 32 64 96 128 256 512 791 856 896
1 2 4 8 16 32 64 112 128 256 512 803 844 896
1 2 4 8 16 32 64 112 128 256 512 811 844 896
1 2 4 8 16 32 64 112 128 256 512 775 872 896
1 2 4 8 16 32 64 112 128 256 512 779 876 896
1 2 4 8 16 32 64 112 128 256 512 835 844 896
1 2 4 8 16 32 64 112 128 256 512 844 867 896
1 2 4 8 16 32 64 112 128 256 512 844 875 896
1 2 4 8 16 32 64 112 128 256 512 839 872 896
1 2 4 8 16 32 64 112 128 256 512 843 876 896
1 2 4 8 16 32 64 112 128 256 512 871 872 896
1 2 4 8 16 32 64 112 128 256 512 867 876 896
1 2 4 8 16 32 64 112 128 256 512 875 876 896
1 2 4 8 16 32 64 120 128 256 512 870 885 896
1 2 4 8 16 32 56 64 128 256 512 806 917 960
1 2 4 8 16 32 56 64 128 167 256 512 704 768
1 2 4 8 16 32 56 64 128 183 256 512 704 768
1 2 4 8 16 32 60 64 128 179 256 512 704 768
1 2 4 8 16 28 32 64 128 211 256 512 736 768
1 2 4 8 16 32 47 64 128 176 256 512 704 768
1 2 4 8 16 32 39 64 128 184 256 512 704 768
1 2 4 8 16 32 55 64 128 184 256 512 704 768
1 2 4 8 16 32 64 71 128 152 256 512 736 768
1 2 4 8 16 32 64 83 128 156 256 512 736 768
1 2 4 8 16 32 64 91 128 156 256 512 736 768
1 2 4 8 16 32 64 99 128 140 256 512 752 768
1 2 4 8 16 23 32 64 128 216 256 512 736 768
1 2 4 8 16 27 32 64 128 220 256 512 736 768
1 2 4 8 16 32 64 128 143 176 256 512 704 768
1 2 4 8 16 32 64 128 135 184 256 512 704 768
1 2 4 8 16 32 64 128 175 176 256 512 704 768
1 2 4 8 16 32 64 128 167 184 256 512 704 768
1 2 4 8 16 32 64 128 179 188 256 512 704 768
1 2 4 8 16 32 64 128 147 156 256 512 736 768
1 2 4 8 16 32 64 128 152 199 256 512 736 768
1 2 4 8 16 32 64 128 156 211 256 512 736 768
1 2 4 8 16 32 64 128 135 216 256 512 736 768
1 2 4 8 16 32 64 128 151 216 256 512 736 768
1 2 4 8 16 32 64 128 155 220 256 512 736 768
1 2 4 8 16 32 64 128 163 204 256 512 752 768
1 2 4 8 16 32 64 128 199 216 256 512 736 768
1 2 4 8 16 32 64 128 215 216 256 512 736 768
1 2 4 8 16 32 64 128 211 220 256 512 736 768
1 2 4 8 16 32 64 128 204 227 256 512 752 768
1 2 4 8 16 32 64 96 128 256 351 512 640 768
1 2 4 8 16 32 64 112 128 256 335 512 640 768
1 2 4 8 16 32 64 120 128 256 327 512 640 768
1 2 4 8 16 32 64 112 128 256 367 512 640 768
1 2 4 8 16 32 64 120 128 256 359 512 640 768
1 2 4 8 16 32 64 124 128 256 371 512 640 768
1 2 4 8 16 32 56 64 128 256 295 512 704 768
1 2 4 8 16 32 60 64 128 256 307 512 704 768
1 2 4 8 16 32 64 96 128 256 479 512 640 768
1 2 4 8 16 32 64 112 128 256 463 512 640 768
1 2 4 8 16 32 64 120 128 256 455 512 640 768
1 2 4 8 16 32 64 112 128 256 495 512 640 768
1 2 4 8 16 32 64 120 128 256 487 512 640 768
1 2 4 8 16 32 64 124 128 256 499 512 640 768
1 2 4 8 16 32 56 64 128 256 423 512 704 768
1 2 4 8 16 32 56 64 128 256 439 512 704 768
1 2 4 8 16 32 60 64 128 256 435 512 704 768
1 2 4 8 16 28 32 64 128 256 467 512 736 768
1 2 4 8 16 32 64 128 176 256 271 512 704 768
1 2 4 8 16 32 64 128 176 256 303 512 704 768
1 2 4 8 16 32 64 128 184 256 295 512 704 768
1 2 4 8 16 32 64 128 184 256 311 512 704 768
1 2 4 8 16 32 64 128 160 256 351 512 704 768
1 2 4 8 16 32 64 128 176 256 335 512 704 768
1 2 4 8 16 32 64 128 184 256 327 512 704 768
1 2 4 8 16 32 64 128 176 256 367 512 704 768
1 2 4 8 16 32 64 128 184 256 359 512 704 768
1 2 4 8 16 32 64 128 184 256 375 512 704 768
1 2 4 8 16 32 64 128 188 256 371 512 704 768
1 2 4 8 16 32 64 128 152 256 327 512 736 768
1 2 4 8 16 32 64 128 156 256 339 512 736 768
1 2 4 8 16 32 64 128 156 256 347 512 736 768
1 2 4 8 16 32 64 128 140 256 355 512 752 768
1 2 4 8 16 32 64 128 216 256 263 512 736 768
1 2 4 8 16 32 64 128 216 256 279 512 736 768
1 2 4 8 16 32 64 128 220 256 283 512 736 768
1 2 4 8 16 32 64 128 176 256 399 512 704 768
1 2 4 8 16 32 64 128 184 256 391 512 704 768
1 2 4 8 16 32 64 128 176 256 431 512 704 768
1 2 4 8 16 32 64 128 184 256 423 512 704 768
1 2 4 8 16 32 64 128 188 256 435 512 704 768
1 2 4 8 16 32 64 128 156 256 403 512 736 768
1 2 4 8 16 32 64 128 152 256 455 512 736 768
1 2 4 8 16 32 64 128 156 256 467 512 736 768
1 2 4 8 16 32 64 128 216 256 391 512 736 768
1 2 4 8 16 32 64 128 208 256 431 512 736 768
1 2 4 8 16 32 64 128 216 256 423 512 736 768
1 2 4 8 16 32 64 128 204 256 419 512 752 768
1 2 4 8 16 32 64 128 216 256 455 512 736 768
1 2 4 8 16 32 64 128 216 256 471 512 736 768
1 2 4 8 16 32 64 128 220 256 467 512 736 768
1 2 4 8 16 32 64 128 204 256 483 512 752 768
1 2 4 8 16 28 32 64 128 256 275 512 608 896
1 2 4 8 16 28 32 64 128 256 339 512 608 896
1 2 4 8 16 28 32 64 128 256 347 512 608 896
1 2 4 8 16 32 64 76 128 256 291 512 624 896
1 2 4 8 16 32 64 78 128 256 301 512 624 896
1 2 4 8 16 32 64 76 128 256 355 512 624 896
1 2 4 8 16 32 64 95 128 256 352 512 640 768
1 2 4 8 16 32 64 79 128 256 368 512 640 768
1 2 4 8 16 32 64 111 128 256 368 512 640 768
1 2 4 8 16 32 64 103 128 256 376 512 640 768
1 2 4 8 16 32 39 64 128 256 312 512 704 768
1 2 4 8 16 32 64 128 191 256 320 512 640 768
1 2 4 8 16 32 64 128 159 256 352 512 640 768
1 2 4 8 16 32 64 128 143 256 368 512 640 768
1 2 4 8 16 32 64 128 255 256 320 512 640 768
1 2 4 8 16 32 64 128 223 256 352 512 640 768
1 2 4 8 16 32 64 128 207 256 368 512 640 768
1 2 4 8 16 32 64 128 199 256 376 512 640 768
1 2 4 8 16 32 64 128 239 256 368 512 640 768
1 2 4 8 16 32 64 128 231 256 376 512 640 768
1 2 4 8 16 32 64 128 243 256 380 512 640 768
1 2 4 8 16 32 64 128 143 256 304 512 704 768
1 2 4 8 16 32 64 128 135 256 312 512 704 768
1 2 4 8 16 32 64 128 175 256 304 512 704 768
1 2 4 8 16 32 64 128 167 256 312 512 704 768
1 2 4 8 16 32 64 128 183 256 312 512 704 768
1 2 4 8 16 32 64 128 179 256 316 512 704 768
1 2 4 8 16 32 64 128 147 256 284 512 736 768
1 2 4 8 16 32 64 128 199 256 280 512 736 768
1 2 4 8 16 32 64 128 211 256 284 512 736 768
1 2 4 8 16 32 64 128 219 256 284 512 736 768
1 2 4 8 16 32 64 127 128 256 448 512 640 768
1 2 4 8 16 32 64 95 128 256 480 512 640 768
1 2 4 8 16 32 64 79 128 256 496 512 640 768
1 2 4 8 16 32 64 111 128 256 496 512 640 768
1 2 4 8 16 32 64 103 128 256 504 512 640 768
1 2 4 8 16 32 47 64 128 256 432 512 704 768
1 2 4 8 16 32 39 64 128 256 440 512 704 768
1 2 4 8 16 32 55 64 128 256 440 512 704 768
1 2 4 8 16 32 64 95 128 256 416 512 704 768
1 2 4 8 16 32 64 79 128 256 432 512 704 768
1 2 4 8 16 32 64 127 128 256 416 512 704 768
1 2 4 8 16 32 64 111 128 256 432 512 704 768
1 2 4 8 16 32 64 103 128 256 440 512 704 768
1 2 4 8 16 32 64 119 128 256 440 512 704 768
1 2 4 8 16 32 64 71 128 256 408 512 736 768
1 2 4 8 16 32 64 87 128 256 408 512 736 768
1 2 4 8 16 32 64 91 128 256 412 512 736 768
1 2 4 8 16 32 64 99 128 256 396 512 752 768
1 2 4 8 16 32 64 109 128 256 398 512 752 768
1 2 4 8 16 23 32 64 128 256 472 512 736 768
1 2 4 8 16 27 32 64 128 256 476 512 736 768
1 2 4 8 16 32 43 64 128 256 460 512 752 768
1 2 4 8 16 32 64 128 159 256 416 512 704 768
1 2 4 8 16 32 64 128 143 256 432 512 704 768
1 2 4 8 16 32 64 128 175 256 432 512 704 768
1 2 4 8 16 32 64 128 167 256 440 512 704 768
1 2 4 8 16 32 64 128 135 256 408 512 736 768
1 2 4 8 16 32 64 128 199 256 408 512 736 768
1 2 4 8 16 32 64 128 143 256 464 512 736 768
1 2 4 8 16 32 64 128 135 256 472 512 736 768
1 2 4 8 16 32 64 128 151 256 472 512 736 768
1 2 4 8 16 32 64 128 155 256 476 512 736 768
1 2 4 8 16 32 64 128 175 256 464 512 736 768
1 2 4 8 16 32 64 128 167 256 472 512 736 768
1 2 4 8 16 32 64 128 207 256 464 512 736 768
1 2 4 8 16 32 64 128 199 256 472 512 736 768
1 2 4 8 16 32 64 128 215 256 472 512 736 768
1 2 4 8 16 32 64 71 128 256 280 512 608 896
1 2 4 8 16 32 64 87 128 256 280 512 608 896
1 2 4 8 16 32 64 83 128 256 284 512 608 896
1 2 4 8 16 32 64 91 128 256 284 512 608 896
1 2 4 8 16 32 64 99 128 256 268 512 624 896
1 2 4 8 16 32 64 109 128 256 270 512 624 896
1 2 4 8 16 23 32 64 128 256 344 512 608 896
1 2 4 8 16 27 32 64 128 256 348 512 608 896
1 2 4 8 16 32 43 64 128 256 332 512 624 896
1 2 4 8 11 16 32 64 128 256 364 512 624 896
1 2 4 8 16 32 64 99 128 256 332 512 624 896
1 2 4 8 16 32 64 71 128 256 360 512 624 896
1 2 4 8 16 32 64 75 128 256 364 512 624 896
1 2 4 8 16 32 64 128 159 256 288 512 576 896
1 2 4 8 16 32 64 128 143 256 304 512 576 896
1 2 4 8 16 32 64 128 135 256 312 512 576 896
1 2 4 8 16 32 64 128 175 256 304 512 576 896
1 2 4 8 16 32 64 128 167 256 312 512 576 896
1 2 4 8 16 32 64 128 183 256 312 512 576 896
1 2 4 8 16 32 64 128 179 256 316 512 576 896
1 2 4 8 16 32 64 128 135 256 280 512 608 896
1 2 4 8 16 32 64 128 147 256 284 512 608 896
1 2 4 8 16 32 64 128 199 256 280 512 608 896
1 2 4 8 16 32 64 128 215 256 280 512 608 896
1 2 4 8 16 32 64 128 211 256 284 512 608 896
1 2 4 8 16 32 64 128 219 256 284 512 608 896
1 2 4 8 16 32 64 128 227 256 268 512 624 896
1 2 4 8 16 32 64 128 237 256 270 512 624 896
1 2 4 8 16 32 64 128 143 256 336 512 608 896
1 2 4 8 16 32 64 128 135 256 344 512 608 896
1 2 4 8 16 32 64 128 151 256 344 512 608 896
1 2 4 8 16 32 64 128 155 256 348 512 608 896
1 2 4 8 16 32 64 128 175 256 336 512 608 896
1 2 4 8 16 32 64 128 167 256 344 512 608 896
1 2 4 8 16 32 64 128 191 256 336 512 608 896
1 2 4 8 16 32 64 128 183 256 344 512 608 896
1 2 4 8 16 32 64 128 179 256 348 512 608 896
1 2 4 8 16 32 64 128 187 256 348 512 608 896
1 2 4 8 16 32 64 128 163 256 332 512 624 896
1 2 4 8 16 32 64 128 171 256 332 512 624 896
1 2 4 8 16 32 64 128 173 256 334 512 624 896
1 2 4 8 16 32 64 128 135 256 360 512 624 896
1 2 4 8 16 32 64 128 139 256 364 512 624 896
1 2 4 8 16 32 64 128 131 256 268 512 560 960
1 2 4 8 16 32 64 128 149 256 294 512 568 960
1 2 4 8 16 32 43 64 128 256 396 512 560 960
1 2 4 8 16 32 64 128 256 287 352 512 640 768
1 2 4 8 16 32 64 128 256 271 368 512 640 768
1 2 4 8 16 32 64 128 256 351 352 512 640 768
1 2 4 8 16 32 64 128 256 335 368 512 640 768
1 2 4 8 16 32 64 128 256 327 376 512 640 768
1 2 4 8 16 32 64 128 256 359 376 512 640 768
1 2 4 8 16 32 64 128 256 263 312 512 704 768
1 2 4 8 16 32 64 128 256 295 312 512 704 768
1 2 4 8 16 32 64 128 256 307 316 512 704 768
1 2 4 8 16 32 64 128 256 320 447 512 640 768
1 2 4 8 16 32 64 128 256 352 415 512 640 768
1 2 4 8 16 32 64 128 256 368 399 512 640 768
1 2 4 8 16 32 64 128 256 352 479 512 640 768
1 2 4 8 16 32 64 128 256 368 463 512 640 768
1 2 4 8 16 32 64 128 256 376 455 512 640 768
1 2 4 8 16 32 64 128 256 376 487 512 640 768
1 2 4 8 16 32 64 128 256 304 399 512 704 768
1 2 4 8 16 32 64 128 256 312 391 512 704 768
1 2 4 8 16 32 64 128 256 312 423 512 704 768
1 2 4 8 16 32 64 128 256 316 435 512 704 768
1 2 4 8 16 32 64 128 256 280 455 512 736 768
1 2 4 8 16 32 64 128 256 284 467 512 736 768
1 2 4 8 16 32 64 128 256 319 448 512 640 768
1 2 4 8 16 32 64 128 256 287 480 512 640 768
1 2 4 8 16 32 64 128 256 271 496 512 640 768
1 2 4 8 16 32 64 128 256 383 448 512 640 768
1 2 4 8 16 32 64 128 256 351 480 512 640 768
1 2 4 8 16 32 64 128 256 335 496 512 640 768
1 2 4 8 16 32 64 128 256 367 496 512 640 768
1 2 4 8 16 32 64 128 256 359 504 512 640 768
1 2 4 8 16 32 64 128 256 271 432 512 704 768
1 2 4 8 16 32 64 128 256 303 432 512 704 768
1 2 4 8 16 32 64 128 256 295 440 512 704 768
1 2 4 8 16 32 64 128 256 311 440 512 704 768
1 2 4 8 16 32 64 128 256 263 472 512 736 768
1 2 4 8 16 32 64 128 256 279 472 512 736 768
1 2 4 8 16 32 64 128 256 283 476 512 736 768
1 2 4 8 16 32 64 128 256 447 448 512 640 768
1 2 4 8 16 32 64 128 256 415 480 512 640 768
1 2 4 8 16 32 64 128 256 399 496 512 640 768
1 2 4 8 16 32 64 128 256 479 480 512 640 768
1 2 4 8 16 32 64 128 256 463 496 512 640 768
1 2 4 8 16 32 64 128 256 455 504 512 640 768
1 2 4 8 16 32 64 128 256 487 504 512 640 768
1 2 4 8 16 32 64 128 256 399 432 512 704 768
1 2 4 8 16 32 64 128 256 391 440 512 704 768
1 2 4 8 16 32 64 128 256 431 432 512 704 768
1 2 4 8 16 32 64 128 256 423 440 512 704 768
1 2 4 8 16 32 64 128 256 435 444 512 704 768
1 2 4 8 16 32 64 128 256 403 412 512 736 768
1 2 4 8 16 32 64 128 256 408 455 512 736 768
1 2 4 8 16 32 64 128 256 412 467 512 736 768
1 2 4 8 16 32 64 128 256 391 472 512 736 768
1 2 4 8 16 32 64 128 256 407 472 512 736 768
1 2 4 8 16 32 64 128 256 455 472 512 736 768
1 2 4 8 16 32 64 128 256 471 472 512 736 768
1 2 4 8 16 32 64 128 256 467 476 512 736 768
1 2 4 8 16 32 64 128 256 460 483 512 752 768
1 2 4 8 16 32 64 128 256 275 284 512 608 896
1 2 4 8 16 32 64 128 256 280 327 512 608 896
1 2 4 8 16 32 64 128 256 284 339 512 608 896
1 2 4 8 16 32 64 128 256 268 355 512 624 896
1 2 4 8 16 32 64 128 256 263 344 512 608 896
1 2 4 8 16 32 64 128 256 279 344 512 608 896
1 2 4 8 16 32 64 128 256 283 348 512 608 896
1 2 4 8 16 32 64 128 256 267 364 512 624 896
1 2 4 8 16 32 64 128 256 327 344 512 608 896
1 2 4 8 16 32 64 128 256 343 344 512 608 896
1 2 4 8 16 32 64 128 256 339 348 512 608 896
1 2 4 8 16 32 64 128 256 332 355 512 624 896
1 2 4 8 16 32 64 128 256 331 364 512 624 896
1 2 4 8 16 32 64 128 256 355 364 512 624 896
1 2 4 8 16 32 64 128 256 363 364 512 624 896
1 2 4 8 16 32 64 128 256 259 436 512 568 960
1 2 4 8 16 32 64 128 256 291 436 512 568 960
1 2 4 8 16 32 64 128 256 335 400 512 544 960
1 2 4 8 16 32 64 128 256 327 408 512 544 960
1 2 4 8 16 32 64 128 256 323 396 512 560 960
1 2 4 8 16 32 64 128 256 355 396 512 560 960
1 2 4 8 16 32 64 128 256 327 424 512 560 960
1 2 4 8 16 32 64 128 256 323 436 512 568 960
1 2 4 8 16 32 64 128 256 396 419 512 560 960
1 2 4 8 16 32 64 128 256 395 428 512 560 960
1 2 4 8 16 28 32 64 83 128 256 512 864 896
1 2 4 8 16 28 32 64 91 128 256 512 864 896
1 2 4 8 16 23 32 64 88 128 256 512 864 896
1 2 4 8 16 27 32 64 92 128 256 512 864 896
1 2 4 8 16 32 35 64 76 128 256 512 880 896
1 2 4 8 16 32 45 64 78 128 256 512 880 896
1 2 4 8 11 16 32 64 108 128 256 512 880 896
1 2 4 8 16 32 64 71 88 128 256 512 864 896
1 2 4 8 16 32 64 87 88 128 256 512 864 896
1 2 4 8 16 32 64 83 92 128 256 512 864 896
1 2 4 8 16 32 64 76 99 128 256 512 880 896
1 2 4 8 16 32 64 75 108 128 256 512 880 896
1 2 4 8 16 32 64 99 108 128 256 512 880 896
1 2 4 8 16 32 64 107 108 128 256 512 880 896
1 2 4 8 16 32 35 64 128 140 256 512 816 960
1 2 4 8 16 32 45 64 128 142 256 512 816 960
1 2 4 8 11 16 32 64 128 172 256 512 816 960
1 2 4 8 16 32 64 128 140 163 256 512 816 960
1 2 4 8 16 32 64 128 139 172 256 512 816 960
1 2 4 8 16 32 64 128 163 172 256 512 816 960
1 2 4 8 16 32 64 128 171 172 256 512 816 960
1 2 4 8 16 32 64 96 128 256 512 607 640 768
1 2 4 8 16 32 64 112 128 256 512 591 640 768
1 2 4 8 16 32 64 120 128 256 512 583 640 768
1 2 4 8 16 32 64 112 128 256 512 623 640 768
1 2 4 8 16 32 64 120 128 256 512 615 640 768
1 2 4 8 16 32 64 124 128 256 512 627 640 768
1 2 4 8 16 32 56 64 128 256 512 551 704 768
1 2 4 8 16 32 60 64 128 256 512 563 704 768
1 2 4 8 16 32 56 64 128 256 512 679 704 768
1 2 4 8 16 32 56 64 128 256 512 695 704 768
1 2 4 8 16 32 60 64 128 256 512 691 704 768
1 2 4 8 16 32 64 128 176 256 512 527 704 768
1 2 4 8 16 32 64 128 176 256 512 559 704 768
1 2 4 8 16 32 64 128 184 256 512 551 704 768
1 2 4 8 16 32 64 128 184 256 512 567 704 768
1 2 4 8 16 32 64 128 152 256 512 583 736 768
1 2 4 8 16 32 64 128 156 256 512 595 736 768
1 2 4 8 16 32 64 128 156 256 512 603 736 768
1 2 4 8 16 32 64 128 140 256 512 611 752 768
1 2 4 8 16 32 64 128 216 256 512 519 736 768
1 2 4 8 16 32 64 128 216 256 512 535 736 768
1 2 4 8 16 32 64 128 220 256 512 539 736 768
1 2 4 8 16 32 64 128 176 256 512 655 704 768
1 2 4 8 16 32 64 128 184 256 512 647 704 768
1 2 4 8 16 32 64 128 176 256 512 687 704 768
1 2 4 8 16 32 64 128 184 256 512 679 704 768
1 2 4 8 16 32 64 128 188 256 512 691 704 768
1 2 4 8 16 32 64 128 156 256 512 659 736 768
1 2 4 8 16 32 64 128 152 256 512 711 736 768
1 2 4 8 16 32 64 128 156 256 512 723 736 768
1 2 4 8 16 32 64 128 216 256 512 647 736 768
1 2 4 8 16 32 64 128 204 256 512 675 752 768
1 2 4 8 16 32 64 128 216 256 512 711 736 768
1 2 4 8 16 32 64 128 216 256 512 727 736 768
1 2 4 8 16 32 64 128 220 256 512 723 736 768
1 2 4 8 16 32 64 128 204 256 512 739 752 768
1 2 4 8 16 28 32 64 128 256 512 531 608 896
1 2 4 8 16 28 32 64 128 256 512 608 787 896
1 2 4 8 16 28 32 64 128 256 512 608 851 896
1 2 4 8 16 28 32 64 128 256 512 608 859 896
1 2 4 8 16 32 64 76 128 256 512 624 803 896
1 2 4 8 16 32 64 78 128 256 512 624 813 896
1 2 4 8 16 32 64 76 128 256 512 624 867 896
1 2 4 8 16 32 64 128 256 320 512 575 640 768
1 2 4 8 16 32 64 128 256 352 512 543 640 768
1 2 4 8 16 32 64 128 256 368 512 527 640 768
1 2 4 8 16 32 64 128 256 352 512 607 640 768
1 2 4 8 16 32 64 128 256 368 512 591 640 768
1 2 4 8 16 32 64 128 256 368 512 623 640 768
1 2 4 8 16 32 64 128 256 376 512 615 640 768
1 2 4 8 16 32 64 128 256 304 512 527 704 768
1 2 4 8 16 32 64 128 256 312 512 551 704 768
1 2 4 8 16 32 64 128 256 304 512 655 704 768
1 2 4 8 16 32 64 128 256 312 512 647 704 768
1 2 4 8 16 32 64 128 256 304 512 687 704 768
1 2 4 8 16 32 64 128 256 312 512 679 704 768
1 2 4 8 16 32 64 128 256 312 512 695 704 768
1 2 4 8 16 32 64 128 256 316 512 691 704 768
1 2 4 8 16 32 64 128 256 284 512 659 736 768
1 2 4 8 16 32 64 128 256 384 512 639 640 768
1 2 4 8 16 32 64 128 256 448 512 575 640 768
1 2 4 8 16 32 64 128 256 480 512 543 640 768
1 2 4 8 16 32 64 128 256 496 512 527 640 768
1 2 4 8 16 32 64 128 256 416 512 543 704 768
1 2 4 8 16 32 64 128 256 432 512 527 704 768
1 2 4 8 16 32 64 128 256 408 512 519 736 768
1 2 4 8 16 32 64 128 256 416 512 607 704 768
1 2 4 8 16 32 64 128 256 432 512 591 704 768
1 2 4 8 16 32 64 128 256 408 512 583 736 768
1 2 4 8 16 32 64 128 256 396 512 611 752 768
1 2 4 8 16 32 64 128 256 464 512 527 736 768
1 2 4 8 16 32 64 128 256 472 512 519 736 768
1 2 4 8 16 32 64 128 256 416 512 671 704 768
1 2 4 8 16 32 64 128 256 432 512 655 704 768
1 2 4 8 16 32 64 128 256 432 512 687 704 768
1 2 4 8 16 32 64 128 256 440 512 679 704 768
1 2 4 8 16 32 64 128 256 408 512 647 736 768
1 2 4 8 16 32 64 128 256 408 512 711 736 768
1 2 4 8 16 32 64 128 256 408 512 727 736 768
1 2 4 8 16 32 64 128 256 412 512 723 736 768
1 2 4 8 16 32 64 128 256 464 512 655 736 768
1 2 4 8 16 32 64 128 256 472 512 647 736 768
1 2 4 8 16 32 64 128 256 460 512 747 752 768
1 2 4 8 16 32 64 128 256 280 512 519 608 896
1 2 4 8 16 32 64 128 256 280 512 583 608 896
1 2 4 8 16 32 64 128 256 280 512 599 608 896
1 2 4 8 16 32 64 128 256 284 512 595 608 896
1 2 4 8 16 32 64 128 256 284 512 603 608 896
1 2 4 8 16 32 64 128 256 336 512 527 608 896
1 2 4 8 16 32 64 128 256 344 512 519 608 896
1 2 4 8 16 32 64 128 256 360 512 519 624 896
1 2 4 8 16 32 64 128 256 332 512 611 624 896
1 2 4 8 16 32 64 128 256 332 512 619 624 896
1 2 4 8 16 32 64 128 256 360 512 583 624 896
1 2 4 8 16 32 64 128 256 288 512 576 671 896
1 2 4 8 16 32 64 128 256 304 512 576 655 896
1 2 4 8 16 32 64 128 256 312 512 576 647 896
1 2 4 8 16 32 64 128 256 304 512 576 687 896
1 2 4 8 16 32 64 128 256 312 512 576 679 896
1 2 4 8 16 32 64 128 256 316 512 576 691 896
1 2 4 8 16 32 64 128 256 280 512 608 647 896
1 2 4 8 16 32 64 128 256 284 512 608 659 896
1 2 4 8 16 32 64 128 256 280 512 608 711 896
1 2 4 8 16 32 64 128 256 280 512 608 727 896
1 2 4 8 16 32 64 128 256 284 512 608 723 896
1 2 4 8 16 32 64 128 256 336 512 608 655 896
1 2 4 8 16 32 64 128 256 344 512 608 647 896
1 2 4 8 16 32 64 128 256 360 512 624 647 896
1 2 4 8 16 32 64 128 256 336 512 608 719 896
1 2 4 8 16 32 64 128 256 344 512 608 711 896
1 2 4 8 16 32 64 128 256 344 512 608 727 896
1 2 4 8 16 32 64 128 256 348 512 608 723 896
1 2 4 8 16 32 64 128 256 332 512 624 707 896
1 2 4 8 16 32 64 128 256 332 512 624 739 896
1 2 4 8 16 32 64 128 256 332 512 624 747 896
1 2 4 8 16 32 64 128 256 360 512 624 711 896
1 2 4 8 16 32 64 128 256 360 512 624 743 896
1 2 4 8 16 32 64 128 256 364 512 624 739 896
1 2 4 8 16 32 64 128 256 364 512 624 747 896
1 2 4 8 16 32 64 128 256 358 512 632 757 896
1 2 4 8 16 32 64 128 256 268 512 560 643 960
1 2 4 8 16 32 64 128 256 396 512 555 560 960
1 2 4 8 16 32 64 128 256 436 512 515 568 960
1 2 4 8 16 32 64 128 256 320 512 640 768 831
1 2 4 8 16 32 64 128 256 352 512 640 768 799
1 2 4 8 16 32 64 128 256 368 512 640 768 783
1 2 4 8 16 32 64 128 256 352 512 640 768 863
1 2 4 8 16 32 64 128 256 368 512 640 768 847
1 2 4 8 16 32 64 128 256 376 512 640 768 839
1 2 4 8 16 32 64 128 256 376 512 640 768 871
1 2 4 8 16 32 64 128 256 304 512 704 768 783
1 2 4 8 16 32 64 128 256 312 512 704 768 775
1 2 4 8 16 32 64 128 256 312 512 704 768 807
1 2 4 8 16 32 64 128 256 316 512 704 768 819
1 2 4 8 16 32 64 128 256 304 512 704 768 911
1 2 4 8 16 32 64 128 256 312 512 704 768 903
1 2 4 8 16 32 64 128 256 304 512 704 768 943
1 2 4 8 16 32 64 128 256 312 512 704 768 935
1 2 4 8 16 32 64 128 256 316 512 704 768 947
1 2 4 8 16 32 64 128 256 284 512 736 768 915
1 2 4 8 16 32 64 128 256 416 512 704 768 799
1 2 4 8 16 32 64 128 256 432 512 704 768 783
1 2 4 8 16 32 64 128 256 432 512 704 768 815
1 2 4 8 16 32 64 128 256 440 512 704 768 807
1 2 4 8 16 32 64 128 256 440 512 704 768 823
1 2 4 8 16 32 64 128 256 408 512 736 768 775
1 2 4 8 16 32 64 128 256 416 512 704 768 863
1 2 4 8 16 32 64 128 256 432 512 704 768 847
1 2 4 8 16 32 64 128 256 440 512 704 768 839
1 2 4 8 16 32 64 128 256 432 512 704 768 879
1 2 4 8 16 32 64 128 256 440 512 704 768 871
1 2 4 8 16 32 64 128 256 444 512 704 768 883
1 2 4 8 16 32 64 128 256 408 512 736 768 839
1 2 4 8 16 32 64 128 256 408 512 736 768 855
1 2 4 8 16 32 64 128 256 412 512 736 768 851
1 2 4 8 16 32 64 128 256 412 512 736 768 859
1 2 4 8 16 32 64 128 256 396 512 752 768 867
1 2 4 8 16 32 64 128 256 460 512 752 768 811
1 2 4 8 16 32 64 128 256 280 512 608 775 896
1 2 4 8 16 32 64 128 256 284 512 608 787 896
1 2 4 8 16 32 64 128 256 280 512 608 839 896
1 2 4 8 16 32 64 128 256 280 512 608 855 896
1 2 4 8 16 32 64 128 256 284 512 608 851 896
1 2 4 8 16 32 64 128 256 336 512 608 783 896
1 2 4 8 16 32 64 128 256 344 512 608 775 896
1 2 4 8 16 32 64 128 256 344 512 608 791 896
1 2 4 8 16 32 64 128 256 348 512 608 795 896
1 2 4 8 16 32 64 128 256 332 512 624 803 896
1 2 4 8 16 32 64 128 256 332 512 624 811 896
1 2 4 8 16 32 64 128 256 334 512 624 813 896
1 2 4 8 16 32 64 128 256 360 512 624 775 896
1 2 4 8 16 32 64 128 256 364 512 624 779 896
1 2 4 8 16 32 64 128 256 268 512 560 899 960
1 2 4 8 16 32 64 128 256 294 512 568 917 960
1 2 4 8 16 32 64 128 256 436 512 568 771 960
1 2 4 8 16 32 64 128 256 396 512 560 899 960
1 2 4 8 16 32 64 128 256 396 512 560 931 960
1 2 4 8 16 32 64 128 256 396 512 560 939 960
1 2 4 8 16 32 64 128 256 424 512 560 903 960
1 2 4 8 16 32 64 128 256 428 512 560 907 960
1 2 4 8 16 32 64 128 256 422 512 568 917 960
1 2 4 8 16 32 48 64 128 256 512 559 832 896
1 2 4 8 16 32 56 64 128 256 512 551 832 896
1 2 4 8 16 32 56 64 128 256 512 567 832 896
1 2 4 8 16 32 60 64 128 256 512 563 832 896
1 2 4 8 16 28 32 64 128 256 512 531 864 896
1 2 4 8 16 28 32 64 128 256 512 595 864 896
1 2 4 8 16 28 32 64 128 256 512 603 864 896
1 2 4 8 16 32 64 88 128 256 512 519 864 896
1 2 4 8 16 32 64 88 128 256 512 535 864 896
1 2 4 8 16 32 64 92 128 256 512 539 864 896
1 2 4 8 16 32 64 76 128 256 512 547 880 896
1 2 4 8 16 32 64 78 128 256 512 557 880 896
1 2 4 8 16 32 64 108 128 256 512 523 880 896
1 2 4 8 16 32 64 88 128 256 512 583 864 896
1 2 4 8 16 32 64 88 128 256 512 599 864 896
1 2 4 8 16 32 64 92 128 256 512 595 864 896
1 2 4 8 16 32 64 76 128 256 512 611 880 896
1 2 4 8 16 32 64 108 128 256 512 611 880 896
1 2 4 8 16 32 64 108 128 256 512 619 880 896
1 2 4 8 16 32 48 64 128 256 512 687 832 896
1 2 4 8 16 32 56 64 128 256 512 679 832 896
1 2 4 8 16 32 56 64 128 256 512 695 832 896
1 2 4 8 16 32 60 64 128 256 512 691 832 896
1 2 4 8 16 28 32 64 128 256 512 659 864 896
1 2 4 8 16 32 64 88 128 256 512 647 864 896
1 2 4 8 16 32 64 128 140 256 512 547 816 960
1 2 4 8 16 32 64 128 152 256 512 583 800 960
1 2 4 8 16 32 64 128 152 256 512 599 800 960
1 2 4 8 16 32 64 128 156 256 512 595 800 960
1 2 4 8 16 32 64 128 156 256 512 603 800 960
1 2 4 8 16 32 64 128 172 256 512 651 816 960
1 2 4 8 16 32 64 128 200 256 512 679 784 992
1 2 4 8 16 32 64 128 204 256 512 675 784 992
1 2 4 8 16 32 64 128 212 256 512 675 792 992
1 2 4 8 16 32 48 64 128 256 512 815 832 896
1 2 4 8 16 32 56 64 128 256 512 807 832 896
1 2 4 8 16 32 56 64 128 256 512 823 832 896
1 2 4 8 16 32 60 64 128 256 512 819 832 896
1 2 4 8 16 28 32 64 128 256 512 787 864 896
1 2 4 8 16 28 32 64 128 256 512 851 864 896
1 2 4 8 16 28 32 64 128 256 512 859 864 896
1 2 4 8 16 32 64 88 128 256 512 775 864 896
1 2 4 8 16 32 64 88 128 256 512 791 864 896
1 2 4 8 16 32 64 92 128 256 512 795 864 896
1 2 4 8 16 32 64 76 128 256 512 803 880 896
1 2 4 8 16 32 64 78 128 256 512 813 880 896
1 2 4 8 16 32 64 108 128 256 512 779 880 896
1 2 4 8 16 32 64 88 128 256 512 839 864 896
1 2 4 8 16 32 64 88 128 256 512 855 864 896
1 2 4 8 16 32 64 92 128 256 512 851 864 896
1 2 4 8 16 32 64 76 128 256 512 867 880 896
1 2 4 8 16 32 64 108 128 256 512 867 880 896
1 2 4 8 16 32 64 108 128 256 512 875 880 896
1 2 4 8 14 16 32 64 128 256 512 816 941 960
1 2 4 8 16 32 64 128 140 256 512 803 816 960
1 2 4 8 16 32 64 128 140 256 512 811 816 960
1 2 4 8 16 32 64 128 142 256 512 813 816 960
1 2 4 8 16 32 64 128 168 256 512 775 816 960
1 2 4 8 16 32 64 128 180 256 512 771 824 960
1 2 4 8 16 32 64 128 166 256 512 821 824 960
1 2 4 8 16 32 64 128 180 256 512 803 824 960
1 2 4 8 16 32 64 128 140 256 512 816 931 960
1 2 4 8 16 32 64 128 172 256 512 816 907 960
1 2 4 8 16 32 64 128 198 256 512 792 981 992
1 2 4 8 16 32 64 128 212 256 512 792 963 992
1 2 4 8 16 32 64 95 128 256 512 608 640 768
1 2 4 8 16 32 64 79 128 256 512 624 640 768
1 2 4 8 16 32 64 111 128 256 512 624 640 768
1 2 4 8 16 32 64 103 128 256 512 632 640 768
1 2 4 8 16 32 39 64 128 256 512 568 704 768
1 2 4 8 16 32 64 128 143 256 512 560 704 768
1 2 4 8 16 32 64 128 135 256 512 568 704 768
1 2 4 8 16 32 64 128 175 256 512 560 704 768
1 2 4 8 16 32 64 128 167 256 512 568 704 768
1 2 4 8 16 32 64 128 183 256 512 568 704 768
1 2 4 8 16 32 64 128 179 256 512 572 704 768
1 2 4 8 16 32 64 128 147 256 512 540 736 768
1 2 4 8 16 32 64 128 199 256 512 536 736 768
1 2 4 8 16 32 64 128 211 256 512 540 736 768
1 2 4 8 16 32 64 128 219 256 512 540 736 768
1 2 4 8 16 32 47 64 128 256 512 688 704 768
1 2 4 8 16 32 39 64 128 256 512 696 704 768
1 2 4 8 16 32 55 64 128 256 512 696 704 768
1 2 4 8 16 32 64 71 128 256 512 664 736 768
1 2 4 8 16 32 64 87 128 256 512 664 736 768
1 2 4 8 16 32 64 91 128 256 512 668 736 768
1 2 4 8 16 32 64 99 128 256 512 652 752 768
1 2 4 8 16 32 64 109 128 256 512 654 752 768
1 2 4 8 16 32 43 64 128 256 512 716 752 768
1 2 4 8 16 32 64 128 159 256 512 672 704 768
1 2 4 8 16 32 64 128 143 256 512 688 704 768
1 2 4 8 16 32 64 128 175 256 512 688 704 768
1 2 4 8 16 32 64 128 167 256 512 696 704 768
1 2 4 8 16 32 64 128 135 256 512 664 736 768
1 2 4 8 16 32 64 128 199 256 512 664 736 768
1 2 4 8 16 32 64 128 143 256 512 720 736 768
1 2 4 8 16 32 64 128 135 256 512 728 736 768
1 2 4 8 16 32 64 128 151 256 512 728 736 768
1 2 4 8 16 32 64 128 155 256 512 732 736 768
1 2 4 8 16 32 64 128 227 256 512 716 752 768
1 2 4 8 16 32 64 128 256 319 512 576 640 768
1 2 4 8 16 32 64 128 256 287 512 608 640 768
1 2 4 8 16 32 64 128 256 271 512 624 640 768
1 2 4 8 16 32 64 128 256 351 512 608 640 768
1 2 4 8 16 32 64 128 256 335 512 624 640 768
1 2 4 8 16 32 64 128 256 327 512 632 640 768
1 2 4 8 16 32 64 128 256 367 512 624 640 768
1 2 4 8 16 32 64 128 256 359 512 632 640 768
1 2 4 8 16 32 64 128 256 371 512 636 640 768
1 2 4 8 16 32 64 128 256 271 512 560 704 768
1 2 4 8 16 32 64 128 256 263 512 568 704 768
1 2 4 8 16 32 64 128 256 295 512 568 704 768
1 2 4 8 16 32 64 128 256 307 512 572 704 768
1 2 4 8 16 32 64 128 256 447 512 576 640 768
1 2 4 8 16 32 64 128 256 415 512 608 640 768
1 2 4 8 16 32 64 128 256 399 512 624 640 768
1 2 4 8 16 32 64 128 256 399 512 560 704 768
1 2 4 8 16 32 64 128 256 391 512 568 704 768
1 2 4 8 16 32 64 128 256 455 512 536 736 768
1 2 4 8 16 32 64 128 256 287 512 672 704 768
1 2 4 8 16 32 64 128 256 271 512 688 704 768
1 2 4 8 16 32 64 128 256 303 512 688 704 768
1 2 4 8 16 32 64 128 256 295 512 696 704 768
1 2 4 8 16 32 64 128 256 311 512 696 704 768
1 2 4 8 16 32 64 128 256 263 512 664 736 768
1 2 4 8 16 32 64 128 256 351 512 672 704 768
1 2 4 8 16 32 64 128 256 335 512 688 704 768
1 2 4 8 16 32 64 128 256 327 512 696 704 768
1 2 4 8 16 32 64 128 256 327 512 664 736 768
1 2 4 8 16 32 64 128 256 355 512 652 752 768
1 2 4 8 16 32 64 128 256 415 512 672 704 768
1 2 4 8 16 32 64 128 256 399 512 688 704 768
1 2 4 8 16 32 64 128 256 391 512 696 704 768
1 2 4 8 16 32 64 128 256 431 512 688 704 768
1 2 4 8 16 32 64 128 256 423 512 696 704 768
1 2 4 8 16 32 64 128 256 435 512 700 704 768
1 2 4 8 16 32 64 128 256 391 512 664 736 768
1 2 4 8 16 32 64 128 256 403 512 668 736 768
1 2 4 8 16 32 64 128 256 455 512 664 736 768
1 2 4 8 16 32 64 128 256 399 512 720 736 768
1 2 4 8 16 32 64 128 256 391 512 728 736 768
1 2 4 8 16 32 64 128 256 407 512 728 736 768
1 2 4 8 16 32 64 128 256 411 512 732 736 768
1 2 4 8 16 32 64 128 256 419 512 716 752 768
1 2 4 8 16 32 64 128 256 451 512 716 752 768
1 2 4 8 16 32 64 128 256 483 512 716 752 768
1 2 4 8 16 32 64 128 256 263 512 536 608 896
1 2 4 8 16 32 64 128 256 275 512 540 608 896
1 2 4 8 16 32 64 128 256 327 512 536 608 896
1 2 4 8 16 32 64 128 256 355 512 524 624 896
1 2 4 8 16 32 64 128 256 291 512 588 624 896
1 2 4 8 16 32 64 128 256 323 512 588 624 896
1 2 4 8 16 32 64 128 256 355 512 588 624 896
1 2 4 8 16 32 64 128 256 387 512 524 560 960
1 2 4 8 16 32 64 71 128 256 512 608 792 896
1 2 4 8 16 32 64 87 128 256 512 608 792 896
1 2 4 8 16 32 64 91 128 256 512 608 796 896
1 2 4 8 16 32 64 99 128 256 512 624 780 896
1 2 4 8 16 32 64 109 128 256 512 624 782 896
1 2 4 8 16 23 32 64 128 256 512 608 856 896
1 2 4 8 16 27 32 64 128 256 512 608 860 896
1 2 4 8 16 32 43 64 128 256 512 624 844 896
1 2 4 8 16 32 64 99 128 256 512 624 844 896
1 2 4 8 16 32 64 71 128 256 512 624 872 896
1 2 4 8 16 32 64 75 128 256 512 624 876 896
1 2 4 8 16 32 64 128 159 256 512 576 800 896
1 2 4 8 16 32 64 128 143 256 512 576 816 896
1 2 4 8 16 32 64 128 175 256 512 576 816 896
1 2 4 8 16 32 64 128 167 256 512 576 824 896
1 2 4 8 16 32 64 128 183 256 512 576 824 896
1 2 4 8 16 32 64 128 135 256 512 608 792 896
1 2 4 8 16 32 64 128 199 256 512 608 792 896
1 2 4 8 16 32 64 128 227 256 512 624 780 896
1 2 4 8 16 32 64 128 143 256 512 608 848 896
1 2 4 8 16 32 64 128 135 256 512 608 856 896
1 2 4 8 16 32 64 128 151 256 512 608 856 896
1 2 4 8 16 32 64 128 155 256 512 608 860 896
1 2 4 8 16 32 64 128 207 256 512 608 848 896
1 2 4 8 16 32 64 128 199 256 512 608 856 896
1 2 4 8 16 32 64 128 215 256 512 608 856 896
1 2 4 8 16 32 64 128 227 256 512 624 844 896
1 2 4 8 16 32 64 128 199 256 512 624 872 896
1 2 4 8 16 32 64 128 203 256 512 624 876 896
1 2 4 8 16 32 64 128 256 263 512 608 792 896
1 2 4 8 16 32 64 128 256 327 512 608 792 896
1 2 4 8 16 32 64 128 256 343 512 608 792 896
1 2 4 8 16 32 64 128 256 339 512 608 796 896
1 2 4 8 16 32 64 128 256 355 512 624 780 896
1 2 4 8 16 32 64 128 256 271 512 608 848 896
1 2 4 8 16 32 64 128 256 263 512 608 856 896
1 2 4 8 16 32 64 128 256 279 512 608 856 896
1 2 4 8 16 32 64 128 256 283 512 608 860 896
1 2 4 8 16 32 64 128 256 299 512 624 844 896
1 2 4 8 16 32 64 128 256 387 512 560 780 960
1 2 4 8 16 32 64 128 256 299 512 560 908 960
1 2 4 8 16 32 47 64 128 256 512 560 832 896
1 2 4 8 16 32 39 64 128 256 512 568 832 896
1 2 4 8 16 32 55 64 128 256 512 568 832 896
1 2 4 8 16 32 64 71 128 256 512 536 864 896
1 2 4 8 16 32 64 83 128 256 512 540 864 896
1 2 4 8 16 32 64 91 128 256 512 540 864 896
1 2 4 8 16 32 64 99 128 256 512 524 880 896
1 2 4 8 16 23 32 64 128 256 512 600 864 896
1 2 4 8 16 27 32 64 128 256 512 604 864 896
1 2 4 8 11 16 32 64 128 256 512 620 880 896
1 2 4 8 16 32 64 71 128 256 512 600 864 896
1 2 4 8 16 32 64 87 128 256 512 600 864 896
1 2 4 8 16 32 64 99 128 256 512 588 880 896
1 2 4 8 16 32 64 75 128 256 512 620 880 896
1 2 4 8 16 32 64 107 128 256 512 620 880 896
1 2 4 8 16 32 64 128 143 256 512 560 832 896
1 2 4 8 16 32 64 128 135 256 512 568 832 896
1 2 4 8 16 32 64 128 175 256 512 560 832 896
1 2 4 8 16 32 64 128 167 256 512 568 832 896
1 2 4 8 16 32 64 128 183 256 512 568 832 896
1 2 4 8 16 32 64 128 179 256 512 572 832 896
1 2 4 8 16 32 64 128 147 256 512 540 864 896
1 2 4 8 16 32 64 128 223 256 512 544 832 896
1 2 4 8 16 32 64 128 207 256 512 560 832 896
1 2 4 8 16 32 64 128 199 256 512 568 832 896
1 2 4 8 16 32 64 128 199 256 512 536 864 896
1 2 4 8 16 32 64 128 227 256 512 524 880 896
1 2 4 8 16 32 64 128 135 256 512 600 864 896
1 2 4 8 16 32 64 128 175 256 512 592 864 896
1 2 4 8 16 32 64 128 167 256 512 600 864 896
1 2 4 8 16 32 64 128 163 256 512 588 880 896
1 2 4 8 16 32 64 128 199 256 512 600 864 896
1 2 4 8 16 32 64 128 215 256 512 600 864 896
1 2 4 8 16 32 64 128 211 256 512 604 864 896
1 2 4 8 16 32 64 128 227 256 512 588 880 896
1 2 4 8 16 32 64 128 215 256 512 616 880 896
1 2 4 8 16 32 64 128 211 256 512 620 880 896
1 2 4 8 16 32 64 128 227 256 512 620 880 896
1 2 4 8 16 32 64 128 235 256 512 620 880 896
1 2 4 8 16 32 64 128 163 256 512 524 816 960
1 2 4 8 16 32 47 64 128 256 512 688 832 896
1 2 4 8 16 32 39 64 128 256 512 696 832 896
1 2 4 8 16 32 55 64 128 256 512 696 832 896
1 2 4 8 16 32 64 95 128 256 512 672 832 896
1 2 4 8 16 32 64 79 128 256 512 688 832 896
1 2 4 8 16 32 64 71 128 256 512 664 864 896
1 2 4 8 16 32 64 99 128 256 512 652 880 896
1 2 4 8 16 32 64 79 128 256 512 656 800 960
1 2 4 8 16 32 64 71 128 256 512 664 800 960
1 2 4 8 16 32 64 87 128 256 512 664 800 960
1 2 4 8 16 32 64 91 128 256 512 668 800 960
1 2 4 8 16 32 64 99 128 256 512 652 816 960
1 2 4 8 16 32 64 128 163 256 512 652 816 960
1 2 4 8 16 32 64 128 167 256 512 712 784 992
1 2 4 8 16 32 64 128 256 271 512 560 832 896
1 2 4 8 16 32 64 128 256 263 512 568 832 896
1 2 4 8 16 32 64 128 256 303 512 560 832 896
1 2 4 8 16 32 64 128 256 295 512 568 832 896
1 2 4 8 16 32 64 128 256 311 512 568 832 896
1 2 4 8 16 32 64 128 256 307 512 572 832 896
1 2 4 8 16 32 64 128 256 275 512 540 864 896
1 2 4 8 16 32 64 128 256 327 512 536 864 896
1 2 4 8 16 32 64 128 256 339 512 540 864 896
1 2 4 8 16 32 64 128 256 347 512 540 864 896
1 2 4 8 16 32 64 128 256 263 512 600 864 896
1 2 4 8 16 32 64 128 256 279 512 600 864 896
1 2 4 8 16 32 64 128 256 283 512 604 864 896
1 2 4 8 16 32 64 128 256 291 512 588 880 896
1 2 4 8 16 32 64 128 256 301 512 590 880 896
1 2 4 8 16 32 64 128 256 291 512 652 816 960
1 2 4 8 16 32 64 128 256 299 512 652 816 960
1 2 4 8 16 32 64 128 256 301 512 654 816 960
1 2 4 8 16 32 64 128 256 335 512 656 800 960
1 2 4 8 16 32 64 128 256 327 512 664 800 960
1 2 4 8 16 32 64 128 256 343 512 664 800 960
1 2 4 8 16 32 64 128 256 339 512 668 800 960
1 2 4 8 16 32 64 128 256 323 512 652 816 960
1 2 4 8 16 32 64 128 256 263 512 536 928 960
1 2 4 8 16 32 64 128 256 279 512 536 928 960
1 2 4 8 16 32 64 128 256 275 512 540 928 960
1 2 4 8 16 32 64 128 256 283 512 540 928 960
1 2 4 8 16 32 64 128 256 291 512 524 944 960
1 2 4 8 16 32 64 128 256 301 512 526 944 960
1 2 4 8 16 32 64 128 256 267 512 556 944 960
1 2 4 8 16 32 64 128 256 291 512 588 912 992
1 2 4 8 16 32 64 128 256 299 512 588 912 992
1 2 4 8 16 32 64 128 256 301 512 590 912 992
1 2 4 8 16 32 64 128 256 405 512 582 920 992
1 2 4 8 16 32 47 64 128 256 512 816 832 896
1 2 4 8 16 32 39 64 128 256 512 824 832 896
1 2 4 8 16 32 55 64 128 256 512 824 832 896
1 2 4 8 16 32 64 71 128 256 512 792 864 896
1 2 4 8 16 32 64 87 128 256 512 792 864 896
1 2 4 8 16 32 64 83 128 256 512 796 864 896
1 2 4 8 16 32 64 91 128 256 512 796 864 896
1 2 4 8 16 32 64 99 128 256 512 780 880 896
1 2 4 8 16 32 64 109 128 256 512 782 880 896
1 2 4 8 16 23 32 64 128 256 512 856 864 896
1 2 4 8 16 27 32 64 128 256 512 860 864 896
1 2 4 8 16 32 43 64 128 256 512 844 880 896
1 2 4 8 16 32 64 79 128 256 512 848 864 896
1 2 4 8 16 32 64 71 128 256 512 856 864 896
1 2 4 8 16 32 64 87 128 256 512 856 864 896
1 2 4 8 16 32 64 99 128 256 512 844 880 896
1 2 4 8 16 32 64 71 128 256 512 872 880 896
1 2 4 8 16 32 64 75 128 256 512 876 880 896
1 2 4 8 16 32 64 128 131 256 512 780 816 960
1 2 4 8 16 32 64 128 163 256 512 780 816 960
1 2 4 8 16 32 43 64 128 256 512 816 908 960
1 2 4 8 11 16 32 64 128 256 512 816 940 960
1 2 4 8 16 32 35 64 128 256 512 824 948 960
1 2 4 8 16 32 64 128 163 256 512 816 908 960
1 2 4 8 16 32 64 128 171 256 512 816 908 960
1 2 4 8 16 32 64 128 135 256 512 816 936 960
1 2 4 8 16 32 64 128 139 256 512 816 940 960
1 2 4 8 16 32 64 128 256 512 575 576 640 768
1 2 4 8 16 32 64 128 256 512 543 608 640 768
1 2 4 8 16 32 64 128 256 512 527 624 640 768
1 2 4 8 16 32 64 128 256 512 607 608 640 768
1 2 4 8 16 32 64 128 256 512 591 624 640 768
1 2 4 8 16 32 64 128 256 512 583 632 640 768
1 2 4 8 16 32 64 128 256 512 615 632 640 768
1 2 4 8 16 32 64 128 256 512 527 560 704 768
1 2 4 8 16 32 64 128 256 512 519 568 704 768
1 2 4 8 16 32 64 128 256 512 551 568 704 768
1 2 4 8 16 32 64 128 256 512 563 572 704 768
1 2 4 8 16 32 64 128 256 512 560 655 704 768
1 2 4 8 16 32 64 128 256 512 568 647 704 768
1 2 4 8 16 32 64 128 256 512 560 687 704 768
1 2 4 8 16 32 64 128 256 512 568 679 704 768
1 2 4 8 16 32 64 128 256 512 572 691 704 768
1 2 4 8 16 32 64 128 256 512 540 659 736 768
1 2 4 8 16 32 64 128 256 512 543 672 704 768
1 2 4 8 16 32 64 128 256 512 527 688 704 768
1 2 4 8 16 32 64 128 256 512 559 688 704 768
1 2 4 8 16 32 64 128 256 512 551 696 704 768
1 2 4 8 16 32 64 128 256 512 567 696 704 768
1 2 4 8 16 32 64 128 256 512 519 664 736 768
1 2 4 8 16 32 64 128 256 512 583 664 736 768
1 2 4 8 16 32 64 128 256 512 611 652 752 768
1 2 4 8 16 32 64 128 256 512 671 672 704 768
1 2 4 8 16 32 64 128 256 512 655 688 704 768
1 2 4 8 16 32 64 128 256 512 647 696 704 768
1 2 4 8 16 32 64 128 256 512 687 688 704 768
1 2 4 8 16 32 64 128 256 512 679 696 704 768
1 2 4 8 16 32 64 128 256 512 691 700 704 768
1 2 4 8 16 32 64 128 256 512 647 664 736 768
1 2 4 8 16 32 64 128 256 512 659 668 736 768
1 2 4 8 16 32 64 128 256 512 664 711 736 768
1 2 4 8 16 32 64 128 256 512 664 727 736 768
1 2 4 8 16 32 64 128 256 512 668 723 736 768
1 2 4 8 16 32 64 128 256 512 655 720 736 768
1 2 4 8 16 32 64 128 256 512 647 728 736 768
1 2 4 8 16 32 64 128 256 512 663 728 736 768
1 2 4 8 16 32 64 128 256 512 675 716 752 768
1 2 4 8 16 32 64 128 256 512 707 716 752 768
1 2 4 8 16 32 64 128 256 512 716 747 752 768
1 2 4 8 16 32 64 128 256 512 519 536 608 896
1 2 4 8 16 32 64 128 256 512 531 540 608 896
1 2 4 8 16 32 64 128 256 512 579 588 624 896
1 2 4 8 16 32 64 128 256 512 536 608 775 896
1 2 4 8 16 32 64 128 256 512 540 608 787 896
1 2 4 8 16 32 64 128 256 512 536 608 839 896
1 2 4 8 16 32 64 128 256 512 588 624 803 896
1 2 4 8 16 32 64 128 256 512 588 624 835 896
1 2 4 8 16 32 64 128 256 512 588 624 867 896
1 2 4 8 16 32 64 128 256 512 519 608 792 896
1 2 4 8 16 32 64 128 256 512 583 608 792 896
1 2 4 8 16 32 64 128 256 512 599 608 792 896
1 2 4 8 16 32 64 128 256 512 595 608 796 896
1 2 4 8 16 32 64 128 256 512 603 608 796 896
1 2 4 8 16 32 64 128 256 512 527 608 848 896
1 2 4 8 16 32 64 128 256 512 519 608 856 896
1 2 4 8 16 32 64 128 256 512 611 624 844 896
1 2 4 8 16 32 64 128 256 512 619 624 844 896
1 2 4 8 16 32 64 128 256 512 583 624 872 896
1 2 4 8 16 32 64 128 256 512 576 671 800 896
1 2 4 8 16 32 64 128 256 512 576 655 816 896
1 2 4 8 16 32 64 128 256 512 576 647 824 896
1 2 4 8 16 32 64 128 256 512 608 647 792 896
1 2 4 8 16 32 64 128 256 512 608 711 792 896
1 2 4 8 16 32 64 128 256 512 608 655 848 896
1 2 4 8 16 32 64 128 256 512 608 647 856 896
1 2 4 8 16 32 64 128 256 512 608 687 848 896
1 2 4 8 16 32 64 128 256 512 608 679 856 896
1 2 4 8 16 32 64 128 256 512 624 675 844 896
1 2 4 8 16 32 64 128 256 512 560 643 780 960
1 2 4 8 16 32 64 128 256 512 608 775 792 896
1 2 4 8 16 32 64 128 256 512 608 787 796 896
1 2 4 8 16 32 64 128 256 512 608 792 839 896
1 2 4 8 16 32 64 128 256 512 608 792 855 896
1 2 4 8 16 32 64 128 256 512 608 796 851 896
1 2 4 8 16 32 64 128 256 512 608 783 848 896
1 2 4 8 16 32 64 128 256 512 608 775 856 896
1 2 4 8 16 32 64 128 256 512 608 791 856 896
1 2 4 8 16 32 64 128 256 512 608 847 848 896
1 2 4 8 16 32 64 128 256 512 608 839 856 896
1 2 4 8 16 32 64 128 256 512 608 855 856 896
1 2 4 8 16 32 64 128 256 512 608 851 860 896
1 2 4 8 16 32 64 128 256 512 624 835 844 896
1 2 4 8 16 32 64 128 256 512 624 844 867 896
1 2 4 8 16 32 64 128 256 512 624 844 875 896
1 2 4 8 16 32 64 128 256 512 624 839 872 896
1 2 4 8 16 32 64 128 256 512 624 843 876 896
1 2 4 8 16 32 64 128 256 512 560 780 899 960
1 2 4 8 16 32 64 128 256 512 560 811 908 960
1 2 4 8 16 32 64 128 256 512 568 821 934 960
1 2 4 8 16 32 64 128 256 512 568 803 948 960
1 2 4 8 16 32 64 128 256 512 527 560 832 896
1 2 4 8 16 32 64 128 256 512 519 568 832 896
1 2 4 8 16 32 64 128 256 512 559 560 832 896
1 2 4 8 16 32 64 128 256 512 551 568 832 896
1 2 4 8 16 32 64 128 256 512 563 572 832 896
1 2 4 8 16 32 64 128 256 512 531 540 864 896
1 2 4 8 16 32 64 128 256 512 536 583 864 896
1 2 4 8 16 32 64 128 256 512 540 595 864 896
1 2 4 8 16 32 64 128 256 512 524 611 880 896
1 2 4 8 16 32 64 128 256 512 519 600 864 896
1 2 4 8 16 32 64 128 256 512 535 600 864 896
1 2 4 8 16 32 64 128 256 512 539 604 864 896
1 2 4 8 16 32 64 128 256 512 523 620 880 896
1 2 4 8 16 32 64 128 256 512 583 600 864 896
1 2 4 8 16 32 64 128 256 512 599 600 864 896
1 2 4 8 16 32 64 128 256 512 595 604 864 896
1 2 4 8 16 32 64 128 256 512 588 611 880 896
1 2 4 8 16 32 64 128 256 512 587 620 880 896
1 2 4 8 16 32 64 128 256 512 611 620 880 896
1 2 4 8 16 32 64 128 256 512 619 620 880 896
1 2 4 8 16 32 64 128 256 512 560 655 832 896
1 2 4 8 16 32 64 128 256 512 568 647 832 896
1 2 4 8 16 32 64 128 256 512 560 687 832 896
1 2 4 8 16 32 64 128 256 512 568 679 832 896
1 2 4 8 16 32 64 128 256 512 572 691 832 896
1 2 4 8 16 32 64 128 256 512 540 659 864 896
1 2 4 8 16 32 64 128 256 512 600 647 864 896
1 2 4 8 16 32 64 128 256 512 600 663 864 896
1 2 4 8 16 32 64 128 256 512 604 667 864 896
1 2 4 8 16 32 64 128 256 512 620 651 880 896
1 2 4 8 16 32 64 128 256 512 543 672 832 896
1 2 4 8 16 32 64 128 256 512 527 688 832 896
1 2 4 8 16 32 64 128 256 512 559 688 832 896
1 2 4 8 16 32 64 128 256 512 551 696 832 896
1 2 4 8 16 32 64 128 256 512 567 696 832 896
1 2 4 8 16 32 64 128 256 512 519 664 864 896
1 2 4 8 16 32 64 128 256 512 607 672 832 896
1 2 4 8 16 32 64 128 256 512 591 688 832 896
1 2 4 8 16 32 64 128 256 512 583 696 832 896
1 2 4 8 16 32 64 128 256 512 639 672 832 896
1 2 4 8 16 32 64 128 256 512 623 688 832 896
1 2 4 8 16 32 64 128 256 512 615 696 832 896
1 2 4 8 16 32 64 128 256 512 631 696 832 896
1 2 4 8 16 32 64 128 256 512 627 700 832 896
1 2 4 8 16 32 64 128 256 512 583 664 864 896
1 2 4 8 16 32 64 128 256 512 599 664 864 896
1 2 4 8 16 32 64 128 256 512 595 668 864 896
1 2 4 8 16 32 64 128 256 512 603 668 864 896
1 2 4 8 16 32 64 128 256 512 611 652 880 896
1 2 4 8 16 32 64 128 256 512 621 654 880 896
1 2 4 8 16 32 64 128 256 512 547 652 816 960
1 2 4 8 16 32 64 128 256 512 555 652 816 960
1 2 4 8 16 32 64 128 256 512 557 654 816 960
1 2 4 8 16 32 64 128 256 512 655 688 832 896
1 2 4 8 16 32 64 128 256 512 647 696 832 896
1 2 4 8 16 32 64 128 256 512 687 688 832 896
1 2 4 8 16 32 64 128 256 512 679 696 832 896
1 2 4 8 16 32 64 128 256 512 691 700 832 896
1 2 4 8 16 32 64 128 256 512 659 668 864 896
1 2 4 8 16 32 64 128 256 512 560 783 832 896
1 2 4 8 16 32 64 128 256 512 568 775 832 896
1 2 4 8 16 32 64 128 256 512 560 815 832 896
1 2 4 8 16 32 64 128 256 512 568 807 832 896
1 2 4 8 16 32 64 128 256 512 572 819 832 896
1 2 4 8 16 32 64 128 256 512 540 787 864 896
1 2 4 8 16 32 64 128 256 512 536 839 864 896
1 2 4 8 16 32 64 128 256 512 540 851 864 896
1 2 4 8 16 32 64 128 256 512 600 775 864 896
1 2 4 8 16 32 64 128 256 512 588 803 880 896
1 2 4 8 16 32 64 128 256 512 600 839 864 896
1 2 4 8 16 32 64 128 256 512 600 855 864 896
1 2 4 8 16 32 64 128 256 512 604 851 864 896
1 2 4 8 16 32 64 128 256 512 588 867 880 896
1 2 4 8 16 32 64 128 256 512 524 816 931 960
1 2 4 8 16 32 64 128 256 512 672 799 832 896
1 2 4 8 16 32 64 128 256 512 688 783 832 896
1 2 4 8 16 32 64 128 256 512 664 775 864 896
1 2 4 8 16 32 64 128 256 512 664 839 864 896
1 2 4 8 16 32 64 128 256 512 652 803 816 960
1 2 4 8 16 32 64 128 256 512 664 800 839 960
1 2 4 8 16 32 64 128 256 512 652 816 867 960
1 2 4 8 16 32 64 128 256 512 652 816 899 960
1 2 4 8 16 32 64 128 256 512 652 816 931 960
1 2 4 8 16 32 64 128 256 512 652 816 939 960
1 2 4 8 16 32 64 128 256 512 536 775 928 960
1 2 4 8 16 32 64 128 256 512 536 791 928 960
1 2 4 8 16 32 64 128 256 512 540 787 928 960
1 2 4 8 16 32 64 128 256 512 524 803 944 960
1 2 4 8 16 32 64 128 256 512 556 803 944 960
1 2 4 8 16 32 64 128 256 512 556 811 944 960
1 2 4 8 16 32 64 128 256 512 543 800 832 896
1 2 4 8 16 32 64 128 256 512 527 816 832 896
1 2 4 8 16 32 64 128 256 512 559 816 832 896
1 2 4 8 16 32 64 128 256 512 551 824 832 896
1 2 4 8 16 32 64 128 256 512 567 824 832 896
1 2 4 8 16 32 64 128 256 512 519 792 864 896
1 2 4 8 16 32 64 128 256 512 583 792 864 896
1 2 4 8 16 32 64 128 256 512 611 780 880 896
1 2 4 8 16 32 64 128 256 512 527 848 864 896
1 2 4 8 16 32 64 128 256 512 519 856 864 896
1 2 4 8 16 32 64 128 256 512 535 856 864 896
1 2 4 8 16 32 64 128 256 512 539 860 864 896
1 2 4 8 16 32 64 128 256 512 591 848 864 896
1 2 4 8 16 32 64 128 256 512 583 856 864 896
1 2 4 8 16 32 64 128 256 512 599 856 864 896
1 2 4 8 16 32 64 128 256 512 611 844 880 896
1 2 4 8 16 32 64 128 256 512 583 872 880 896
1 2 4 8 16 32 64 128 256 512 587 876 880 896
1 2 4 8 16 32 64 128 256 512 671 800 832 896
1 2 4 8 16 32 64 128 256 512 655 816 832 896
1 2 4 8 16 32 64 128 256 512 647 824 832 896
1 2 4 8 16 32 64 128 256 512 647 792 864 896
1 2 4 8 16 32 64 128 256 512 655 848 864 896
1 2 4 8 16 32 64 128 256 512 647 856 864 896
1 2 4 8 16 32 64 128 256 512 643 780 816 960
1 2 4 8 16 32 64 128 256 512 519 816 936 960
1 2 4 8 16 32 64 128 256 512 547 824 948 960
1 2 4 8 16 32 64 128 256 512 591 800 912 960
1 2 4 8 16 32 64 128 256 512 583 800 920 960
1 2 4 8 16 32 64 128 256 512 583 816 936 960
1 2 4 8 16 32 64 128 256 512 647 816 936 960
1 2 4 8 16 32 64 128 256 512 651 816 940 960
1 2 4 8 16 32 64 128 256 512 519 792 928 960
1 2 4 8 16 32 64 128 256 512 535 792 928 960
1 2 4 8 16 32 64 128 256 512 539 796 928 960
1 2 4 8 16 32 64 128 256 512 547 780 944 960
1 2 4 8 16 32 64 128 256 512 523 812 944 960
1 2 4 8 16 32 64 128 256 512 555 812 944 960
1 2 4 8 16 32 64 128 256 512 647 792 928 960
1 2 4 8 16 32 64 128 256 512 675 780 944 960
1 2 4 8 16 32 64 128 256 512 679 840 912 992
1 2 4 8 16 32 64 128 256 512 675 844 912 992
1 2 4 8 16 32 64 128 256 512 643 780 976 992
1 2 4 8 16 32 64 128 256 512 799 800 832 896
1 2 4 8 16 32 64 128 256 512 783 816 832 896
1 2 4 8 16 32 64 128 256 512 775 824 832 896
1 2 4 8 16 32 64 128 256 512 815 816 832 896
1 2 4 8 16 32 64 128 256 512 807 824 832 896
1 2 4 8 16 32 64 128 256 512 819 828 832 896
1 2 4 8 16 32 64 128 256 512 775 792 864 896
1 2 4 8 16 32 64 128 256 512 787 796 864 896
1 2 4 8 16 32 64 128 256 512 792 839 864 896
1 2 4 8 16 32 64 128 256 512 792 855 864 896
1 2 4 8 16 32 64 128 256 512 796 851 864 896
1 2 4 8 16 32 64 128 256 512 783 848 864 896
1 2 4 8 16 32 64 128 256 512 775 856 864 896
1 2 4 8 16 32 64 128 256 512 791 856 864 896
1 2 4 8 16 32 64 128 256 512 795 860 864 896
1 2 4 8 16 32 64 128 256 512 803 844 880 896
1 2 4 8 16 32 64 128 256 512 839 856 864 896
1 2 4 8 16 32 64 128 256 512 855 856 864 896
1 2 4 8 16 32 64 128 256 512 851 860 864 896
1 2 4 8 16 32 64 128 256 512 835 844 880 896
1 2 4 8 16 32 64 128 256 512 844 867 880 896
1 2 4 8 16 32 64 128 256 512 844 875 880 896
1 2 4 8 16 32 64 128 256 512 839 872 880 896
1 2 4 8 16 32 64 128 256 512 843 876 880 896
1 2 4 8 16 32 64 128 256 512 771 780 816 960
1 2 4 8 16 32 64 128 256 512 780 816 899 960
1 2 4 8 16 32 64 128 256 512 780 816 931 960
1 2 4 8 16 32 64 128 256 512 803 816 908 960
1 2 4 8 16 32 64 128 256 512 811 816 908 960
1 2 4 8 16 32 64 128 256 512 813 816 910 960
1 2 4 8 16 32 64 128 256 512 775 816 936 960
1 2 4 8 16 32 64 128 256 512 821 824 934 960
1 2 4 8 16 32 64 128 256 512 803 824 948 960
1 2 4 8 16 32 64 128 256 512 816 908 931 960
1 2 4 8 16 32 64 128 256 512 816 907 940 960
1 2 4 8 16 32 64 128 256 512 816 931 940 960
1 2 4 8 16 32 64 128 256 512 816 939 940 960
1 2 4 8 16 32 64 128 256 512 789 838 920 992
