12
9
2
85
1 2 4 8 16 32 64 96 128 256 351 384
1 2 4 8 16 32 64 112 128 256 335 384
1 2 4 8 16 32 64 120 128 256 327 384
1 2 4 8 16 32 64 112 128 256 367 384
1 2 4 8 16 32 64 120 128 256 359 384
1 2 4 8 16 32 64 124 128 256 371 384
1 2 4 8 16 32 56 64 128 256 295 448
1 2 4 8 16 32 60 64 128 256 307 448
1 2 4 8 16 32 56 64 128 256 423 448
1 2 4 8 16 32 56 64 128 256 439 448
1 2 4 8 16 32 60 64 128 256 435 448
1 2 4 8 16 32 64 95 128 256 352 384
1 2 4 8 16 32 64 79 128 256 368 384
1 2 4 8 16 32 64 111 128 256 368 384
1 2 4 8 16 32 64 103 128 256 376 384
1 2 4 8 16 32 39 64 128 256 312 448
1 2 4 8 16 32 64 128 191 256 320 384
1 2 4 8 16 32 64 128 159 256 352 384
1 2 4 8 16 32 64 128 143 256 368 384
1 2 4 8 16 32 64 128 255 256 320 384
1 2 4 8 16 32 64 128 223 256 352 384
1 2 4 8 16 32 64 128 207 256 368 384
1 2 4 8 16 32 64 128 199 256 376 384
1 2 4 8 16 32 64 128 239 256 368 384
1 2 4 8 16 32 64 128 231 256 376 384
1 2 4 8 16 32 64 128 243 256 380 384
1 2 4 8 16 32 64 128 143 256 304 448
1 2 4 8 16 32 64 128 135 256 312 448
1 2 4 8 16 32 64 128 175 256 304 448
1 2 4 8 16 32 64 128 167 256 312 448
1 2 4 8 16 32 64 128 183 256 312 448
1 2 4 8 16 32 64 128 179 256 316 448
1 2 4 8 16 32 64 128 147 256 284 480
1 2 4 8 16 32 64 128 199 256 280 480
1 2 4 8 16 32 64 128 211 256 284 480
1 2 4 8 16 32 64 128 219 256 284 480
1 2 4 8 16 32 47 64 128 256 432 448
1 2 4 8 16 32 39 64 128 256 440 448
1 2 4 8 16 32 55 64 128 256 440 448
1 2 4 8 16 32 64 71 128 256 408 480
1 2 4 8 16 32 64 87 128 256 408 480
1 2 4 8 16 32 64 91 128 256 412 480
1 2 4 8 16 32 64 99 128 256 396 496
1 2 4 8 16 32 64 109 128 256 398 496
1 2 4 8 16 32 64 128 256 319 320 384
1 2 4 8 16 32 64 128 256 287 352 384
1 2 4 8 16 32 64 128 256 271 368 384
1 2 4 8 16 32 64 128 256 351 352 384
1 2 4 8 16 32 64 128 256 335 368 384
1 2 4 8 16 32 64 128 256 327 376 384
1 2 4 8 16 32 64 128 256 359 376 384
1 2 4 8 16 32 64 128 256 271 304 448
1 2 4 8 16 32 64 128 256 263 312 448
1 2 4 8 16 32 64 128 256 295 312 448
1 2 4 8 16 32 64 128 256 307 316 448
1 2 4 8 16 32 64 128 256 304 399 448
1 2 4 8 16 32 64 128 256 312 391 448
1 2 4 8 16 32 64 128 256 304 431 448
1 2 4 8 16 32 64 128 256 312 423 448
1 2 4 8 16 32 64 128 256 316 435 448
1 2 4 8 16 32 64 128 256 284 403 480
1 2 4 8 16 32 64 128 256 287 416 448
1 2 4 8 16 32 64 128 256 271 432 448
1 2 4 8 16 32 64 128 256 303 432 448
1 2 4 8 16 32 64 128 256 295 440 448
1 2 4 8 16 32 64 128 256 311 440 448
1 2 4 8 16 32 64 128 256 263 408 480
1 2 4 8 16 32 64 128 256 351 416 448
1 2 4 8 16 32 64 128 256 335 432 448
1 2 4 8 16 32 64 128 256 327 440 448
1 2 4 8 16 32 64 128 256 327 408 480
1 2 4 8 16 32 64 128 256 355 396 496
1 2 4 8 16 32 64 128 256 415 416 448
1 2 4 8 16 32 64 128 256 399 432 448
1 2 4 8 16 32 64 128 256 391 440 448
1 2 4 8 16 32 64 128 256 431 432 448
1 2 4 8 16 32 64 128 256 423 440 448
1 2 4 8 16 32 64 128 256 435 444 448
1 2 4 8 16 32 64 128 256 391 408 480
1 2 4 8 16 32 64 128 256 403 412 480
1 2 4 8 16 32 64 128 256 408 455 480
1 2 4 8 16 32 64 128 256 408 471 480
1 2 4 8 16 32 64 128 256 412 467 480
1 2 4 8 16 32 64 128 256 419 460 496
1 2 4 8 16 32 64 128 256 451 460 496
