12
6
2
111
1 2 3 4 5 6 8 9 10 16 32 49
1 2 3 4 5 6 8 9 10 16 32 52
1 2 3 4 5 6 8 9 10 16 32 60
1 2 3 4 5 6 8 9 16 17 32 33
1 2 3 4 5 6 8 9 16 17 32 34
1 2 3 4 5 6 8 9 16 17 32 38
1 2 3 4 5 6 8 9 16 17 32 40
1 2 3 4 5 6 8 9 16 17 32 42
1 2 3 4 5 6 8 9 16 17 32 56
1 2 3 4 5 6 8 9 16 18 32 35
1 2 3 4 5 6 8 9 16 18 32 36
1 2 3 4 5 6 8 9 16 18 32 37
1 2 3 4 5 6 8 9 16 18 32 40
1 2 3 4 5 6 8 9 16 18 32 42
1 2 3 4 5 6 8 9 16 18 32 44
1 2 3 4 5 6 8 9 16 18 32 56
1 2 3 4 5 6 8 9 16 22 32 40
1 2 3 4 5 6 8 9 16 22 32 42
1 2 3 4 5 6 8 9 16 22 32 58
1 2 3 4 5 6 8 9 16 24 32 40
1 2 3 4 5 6 8 9 16 24 32 41
1 2 3 4 5 6 8 9 16 24 32 42
1 2 3 4 5 6 8 9 16 24 32 48
1 2 3 4 5 6 8 9 16 24 32 49
1 2 3 4 5 6 8 9 16 24 32 50
1 2 3 4 5 6 8 9 16 26 32 42
1 2 3 4 5 6 8 9 16 26 32 44
1 2 3 4 5 6 8 9 16 26 32 48
1 2 3 4 5 6 8 9 16 26 32 50
1 2 3 4 5 6 8 9 16 26 32 54
1 2 3 4 5 6 8 16 24 32 40 49
1 2 3 4 5 6 8 16 24 32 41 50
1 2 3 4 5 8 9 16 17 32 34 36
1 2 3 4 5 8 9 16 17 32 38 42
1 2 3 4 5 8 9 16 18 20 32 34
1 2 3 4 5 8 9 16 18 20 32 35
1 2 3 4 5 8 9 16 18 20 32 38
1 2 3 4 5 8 9 16 18 20 32 40
1 2 3 4 5 8 9 16 18 20 32 42
1 2 3 4 5 8 9 16 18 20 32 48
1 2 3 4 5 8 9 16 18 20 32 49
1 2 3 4 5 8 9 16 18 20 32 50
1 2 3 4 5 8 9 16 18 20 32 55
1 2 3 4 5 8 9 16 18 20 32 56
1 2 3 4 5 8 9 16 18 32 35 48
1 2 3 4 5 8 9 16 18 32 35 52
1 2 3 4 5 8 9 16 18 32 36 48
1 2 3 4 5 8 9 16 18 32 36 49
1 2 3 4 5 8 9 16 18 32 38 42
1 2 3 4 5 8 9 16 18 32 38 48
1 2 3 4 5 8 9 16 18 32 44 52
1 2 3 4 5 8 9 16 22 26 32 38
1 2 3 4 5 8 9 16 22 26 32 48
1 2 3 4 5 8 9 16 22 26 32 50
1 2 3 4 5 8 9 16 22 32 38 48
1 2 3 4 5 8 9 16 22 32 42 48
1 2 3 4 5 8 10 12 15 16 32 49
1 2 3 4 5 8 10 12 16 19 32 37
1 2 3 4 5 8 10 12 16 19 32 38
1 2 3 4 5 8 10 12 16 19 32 44
1 2 3 4 5 8 10 12 16 19 32 47
1 2 3 4 5 8 10 12 16 19 32 48
1 2 3 4 5 8 10 12 16 19 32 49
1 2 3 4 5 8 10 12 16 19 32 53
1 2 3 4 5 8 10 12 16 19 32 60
1 2 3 4 5 8 10 12 16 22 32 38
1 2 3 4 5 8 10 12 16 22 32 41
1 2 3 4 5 8 10 12 16 22 32 48
1 2 3 4 5 8 10 12 16 22 32 50
1 2 3 4 5 8 10 12 16 22 32 51
1 2 3 4 5 8 10 12 16 31 32 47
1 2 3 4 5 8 10 12 16 31 32 48
1 2 3 4 5 8 10 12 16 31 32 51
1 2 3 4 5 8 10 16 19 28 32 36
1 2 3 4 5 8 10 16 19 28 32 44
1 2 3 4 5 8 10 16 19 28 32 60
1 2 3 4 5 8 10 16 19 32 36 40
1 2 3 4 5 8 10 16 19 32 36 41
1 2 3 4 5 8 10 16 19 32 36 56
1 2 3 4 5 8 10 16 19 32 44 53
1 2 3 4 5 8 10 16 20 24 32 38
1 2 3 4 5 8 10 16 20 24 32 47
1 2 3 4 5 8 10 16 20 25 32 39
1 2 3 4 5 8 10 16 20 25 32 40
1 2 3 4 5 8 10 16 20 25 32 41
1 2 3 4 5 8 10 16 20 25 32 42
1 2 3 4 5 8 10 16 20 25 32 45
1 2 3 4 5 8 10 16 20 25 32 57
1 2 3 4 5 8 10 16 20 25 32 58
1 2 3 4 5 8 10 16 20 32 38 56
1 2 3 4 5 8 10 16 20 32 40 48
1 2 3 4 5 8 10 16 20 32 40 49
1 2 3 4 5 8 10 16 20 32 40 51
1 2 3 4 5 8 10 16 20 32 41 49
1 2 3 4 5 8 10 16 20 32 45 51
1 2 3 4 5 8 10 16 22 32 38 48
1 2 3 4 5 8 10 16 22 32 41 51
1 2 3 4 5 8 10 16 22 32 44 48
1 2 3 4 5 8 10 16 28 32 44 48
1 2 3 4 5 8 10 16 28 32 47 48
1 2 3 4 5 8 14 16 22 24 32 38
1 2 3 4 5 8 14 16 22 24 32 42
1 2 3 4 5 8 14 16 22 32 40 48
1 2 3 4 5 8 14 16 22 32 42 50
1 2 3 4 5 8 14 16 24 32 42 48
1 2 3 4 5 8 14 16 24 32 46 50
1 2 3 4 5 8 14 16 26 32 43 48
1 2 3 4 8 12 16 21 26 32 37 42
1 2 3 4 8 12 16 21 32 42 48 63
1 2 3 4 8 13 16 21 32 41 49 61
1 2 4 7 8 11 16 19 32 37 41 49
