15
7
2
1606
1 2 3 4 5 6 8 9 10 12 16 17 32 64 97
1 2 3 4 5 6 8 9 10 12 16 17 32 64 98
1 2 3 4 5 6 8 9 10 12 16 17 32 64 102
1 2 3 4 5 6 8 9 10 12 16 17 32 64 112
1 2 3 4 5 6 8 9 10 12 16 17 32 64 114
1 2 3 4 5 6 8 9 10 12 16 32 48 64 81
1 2 3 4 5 6 8 9 10 12 16 32 49 64 81
1 2 3 4 5 6 8 9 10 12 16 32 49 64 82
1 2 3 4 5 6 8 9 10 16 17 18 32 64 97
1 2 3 4 5 6 8 9 10 16 17 18 32 64 100
1 2 3 4 5 6 8 9 10 16 17 18 32 64 108
1 2 3 4 5 6 8 9 10 16 17 20 32 64 97
1 2 3 4 5 6 8 9 10 16 17 20 32 64 98
1 2 3 4 5 6 8 9 10 16 17 20 32 64 102
1 2 3 4 5 6 8 9 10 16 17 20 32 64 104
1 2 3 4 5 6 8 9 10 16 17 20 32 64 106
1 2 3 4 5 6 8 9 10 16 17 20 32 64 108
1 2 3 4 5 6 8 9 10 16 17 20 32 64 120
1 2 3 4 5 6 8 9 10 16 17 32 33 64 65
1 2 3 4 5 6 8 9 10 16 17 32 33 64 66
1 2 3 4 5 6 8 9 10 16 17 32 33 64 68
1 2 3 4 5 6 8 9 10 16 17 32 33 64 70
1 2 3 4 5 6 8 9 10 16 17 32 33 64 76
1 2 3 4 5 6 8 9 10 16 17 32 33 64 80
1 2 3 4 5 6 8 9 10 16 17 32 33 64 82
1 2 3 4 5 6 8 9 10 16 17 32 33 64 84
1 2 3 4 5 6 8 9 10 16 17 32 33 64 112
1 2 3 4 5 6 8 9 10 16 17 32 34 64 67
1 2 3 4 5 6 8 9 10 16 17 32 34 64 68
1 2 3 4 5 6 8 9 10 16 17 32 34 64 69
1 2 3 4 5 6 8 9 10 16 17 32 34 64 76
1 2 3 4 5 6 8 9 10 16 17 32 34 64 80
1 2 3 4 5 6 8 9 10 16 17 32 34 64 82
1 2 3 4 5 6 8 9 10 16 17 32 34 64 84
1 2 3 4 5 6 8 9 10 16 17 32 34 64 112
1 2 3 4 5 6 8 9 10 16 17 32 36 64 68
1 2 3 4 5 6 8 9 10 16 17 32 36 64 69
1 2 3 4 5 6 8 9 10 16 17 32 36 64 70
1 2 3 4 5 6 8 9 10 16 17 32 36 64 72
1 2 3 4 5 6 8 9 10 16 17 32 36 64 73
1 2 3 4 5 6 8 9 10 16 17 32 36 64 74
1 2 3 4 5 6 8 9 10 16 17 32 36 64 76
1 2 3 4 5 6 8 9 10 16 17 32 36 64 80
1 2 3 4 5 6 8 9 10 16 17 32 36 64 82
1 2 3 4 5 6 8 9 10 16 17 32 36 64 84
1 2 3 4 5 6 8 9 10 16 17 32 36 64 88
1 2 3 4 5 6 8 9 10 16 17 32 36 64 96
1 2 3 4 5 6 8 9 10 16 17 32 36 64 97
1 2 3 4 5 6 8 9 10 16 17 32 36 64 98
1 2 3 4 5 6 8 9 10 16 17 32 36 64 104
1 2 3 4 5 6 8 9 10 16 17 32 36 64 112
1 2 3 4 5 6 8 9 10 16 17 32 38 64 70
1 2 3 4 5 6 8 9 10 16 17 32 38 64 74
1 2 3 4 5 6 8 9 10 16 17 32 38 64 76
1 2 3 4 5 6 8 9 10 16 17 32 38 64 80
1 2 3 4 5 6 8 9 10 16 17 32 38 64 82
1 2 3 4 5 6 8 9 10 16 17 32 38 64 84
1 2 3 4 5 6 8 9 10 16 17 32 38 64 88
1 2 3 4 5 6 8 9 10 16 17 32 38 64 96
1 2 3 4 5 6 8 9 10 16 17 32 38 64 98
1 2 3 4 5 6 8 9 10 16 17 32 38 64 106
1 2 3 4 5 6 8 9 10 16 17 32 38 64 114
1 2 3 4 5 6 8 9 10 16 17 32 44 64 76
1 2 3 4 5 6 8 9 10 16 17 32 44 64 80
1 2 3 4 5 6 8 9 10 16 17 32 44 64 82
1 2 3 4 5 6 8 9 10 16 17 32 44 64 84
1 2 3 4 5 6 8 9 10 16 17 32 44 64 96
1 2 3 4 5 6 8 9 10 16 17 32 44 64 100
1 2 3 4 5 6 8 9 10 16 17 32 44 64 102
1 2 3 4 5 6 8 9 10 16 17 32 44 64 116
1 2 3 4 5 6 8 9 10 16 17 32 48 64 80
1 2 3 4 5 6 8 9 10 16 17 32 48 64 81
1 2 3 4 5 6 8 9 10 16 17 32 48 64 82
1 2 3 4 5 6 8 9 10 16 17 32 48 64 84
1 2 3 4 5 6 8 9 10 16 17 32 48 64 96
1 2 3 4 5 6 8 9 10 16 17 32 48 64 97
1 2 3 4 5 6 8 9 10 16 17 32 48 64 98
1 2 3 4 5 6 8 9 10 16 17 32 48 64 100
1 2 3 4 5 6 8 9 10 16 17 32 50 64 82
1 2 3 4 5 6 8 9 10 16 17 32 50 64 84
1 2 3 4 5 6 8 9 10 16 17 32 50 64 96
1 2 3 4 5 6 8 9 10 16 17 32 50 64 98
1 2 3 4 5 6 8 9 10 16 17 32 50 64 102
1 2 3 4 5 6 8 9 10 16 17 32 52 64 84
1 2 3 4 5 6 8 9 10 16 17 32 52 64 88
1 2 3 4 5 6 8 9 10 16 17 32 52 64 96
1 2 3 4 5 6 8 9 10 16 17 32 52 64 100
1 2 3 4 5 6 8 9 10 16 17 32 52 64 102
1 2 3 4 5 6 8 9 10 16 17 32 52 64 108
1 2 3 4 5 6 8 9 10 16 20 24 32 64 97
1 2 3 4 5 6 8 9 10 16 20 24 32 64 99
1 2 3 4 5 6 8 9 10 16 20 24 32 64 100
1 2 3 4 5 6 8 9 10 16 20 24 32 64 101
1 2 3 4 5 6 8 9 10 16 20 24 32 64 108
1 2 3 4 5 6 8 9 10 16 20 24 32 64 112
1 2 3 4 5 6 8 9 10 16 20 24 32 64 113
1 2 3 4 5 6 8 9 10 16 20 24 32 64 116
1 2 3 4 5 6 8 9 10 16 20 32 36 64 68
1 2 3 4 5 6 8 9 10 16 20 32 36 64 69
1 2 3 4 5 6 8 9 10 16 20 32 36 64 72
1 2 3 4 5 6 8 9 10 16 20 32 36 64 73
1 2 3 4 5 6 8 9 10 16 20 32 36 64 76
1 2 3 4 5 6 8 9 10 16 20 32 36 64 80
1 2 3 4 5 6 8 9 10 16 20 32 36 64 81
1 2 3 4 5 6 8 9 10 16 20 32 36 64 88
1 2 3 4 5 6 8 9 10 16 20 32 36 64 112
1 2 3 4 5 6 8 9 10 16 20 32 37 64 70
1 2 3 4 5 6 8 9 10 16 20 32 37 64 72
1 2 3 4 5 6 8 9 10 16 20 32 37 64 74
1 2 3 4 5 6 8 9 10 16 20 32 37 64 76
1 2 3 4 5 6 8 9 10 16 20 32 37 64 80
1 2 3 4 5 6 8 9 10 16 20 32 37 64 81
1 2 3 4 5 6 8 9 10 16 20 32 37 64 82
1 2 3 4 5 6 8 9 10 16 20 32 37 64 88
1 2 3 4 5 6 8 9 10 16 20 32 37 64 112
1 2 3 4 5 6 8 9 10 16 20 32 40 64 76
1 2 3 4 5 6 8 9 10 16 20 32 40 64 80
1 2 3 4 5 6 8 9 10 16 20 32 40 64 81
1 2 3 4 5 6 8 9 10 16 20 32 40 64 88
1 2 3 4 5 6 8 9 10 16 20 32 40 64 112
1 2 3 4 5 6 8 9 10 16 20 32 41 64 76
1 2 3 4 5 6 8 9 10 16 20 32 41 64 80
1 2 3 4 5 6 8 9 10 16 20 32 41 64 81
1 2 3 4 5 6 8 9 10 16 20 32 41 64 82
1 2 3 4 5 6 8 9 10 16 20 32 41 64 88
1 2 3 4 5 6 8 9 10 16 20 32 41 64 113
1 2 3 4 5 6 8 9 10 16 20 32 44 64 76
1 2 3 4 5 6 8 9 10 16 20 32 44 64 80
1 2 3 4 5 6 8 9 10 16 20 32 44 64 81
1 2 3 4 5 6 8 9 10 16 20 32 44 64 88
1 2 3 4 5 6 8 9 10 16 20 32 44 64 96
1 2 3 4 5 6 8 9 10 16 20 32 44 64 100
1 2 3 4 5 6 8 9 10 16 20 32 44 64 101
1 2 3 4 5 6 8 9 10 16 20 32 44 64 112
1 2 3 4 5 6 8 9 10 16 20 32 48 64 80
1 2 3 4 5 6 8 9 10 16 20 32 48 64 81
1 2 3 4 5 6 8 9 10 16 20 32 48 64 84
1 2 3 4 5 6 8 9 10 16 20 32 48 64 85
1 2 3 4 5 6 8 9 10 16 20 32 48 64 88
1 2 3 4 5 6 8 9 10 16 20 32 48 64 92
1 2 3 4 5 6 8 9 10 16 20 32 48 64 96
1 2 3 4 5 6 8 9 10 16 20 32 48 64 97
1 2 3 4 5 6 8 9 10 16 20 32 48 64 100
1 2 3 4 5 6 8 9 10 16 20 32 48 64 101
1 2 3 4 5 6 8 9 10 16 20 32 48 64 104
1 2 3 4 5 6 8 9 10 16 20 32 48 64 108
1 2 3 4 5 6 8 9 10 16 20 32 49 64 81
1 2 3 4 5 6 8 9 10 16 20 32 49 64 82
1 2 3 4 5 6 8 9 10 16 20 32 49 64 88
1 2 3 4 5 6 8 9 10 16 20 32 49 64 96
1 2 3 4 5 6 8 9 10 16 20 32 49 64 97
1 2 3 4 5 6 8 9 10 16 20 32 49 64 99
1 2 3 4 5 6 8 9 10 16 20 32 49 64 101
1 2 3 4 5 6 8 9 10 16 20 32 49 64 105
1 2 3 4 5 6 8 9 10 16 20 32 56 64 88
1 2 3 4 5 6 8 9 10 16 20 32 56 64 96
1 2 3 4 5 6 8 9 10 16 20 32 56 64 104
1 2 3 4 5 6 8 9 10 16 20 32 56 64 105
1 2 3 4 5 6 8 9 10 16 20 32 56 64 108
1 2 3 4 5 6 8 9 10 16 28 32 44 64 76
1 2 3 4 5 6 8 9 10 16 28 32 44 64 80
1 2 3 4 5 6 8 9 10 16 28 32 44 64 84
1 2 3 4 5 6 8 9 10 16 28 32 44 64 112
1 2 3 4 5 6 8 9 10 16 28 32 48 64 80
1 2 3 4 5 6 8 9 10 16 28 32 48 64 84
1 2 3 4 5 6 8 9 10 16 28 32 48 64 92
1 2 3 4 5 6 8 9 10 16 28 32 48 64 96
1 2 3 4 5 6 8 9 10 16 28 32 48 64 100
1 2 3 4 5 6 8 9 10 16 28 32 48 64 108
1 2 3 4 5 6 8 9 10 16 28 32 52 64 84
1 2 3 4 5 6 8 9 10 16 28 32 52 64 85
1 2 3 4 5 6 8 9 10 16 28 32 52 64 96
1 2 3 4 5 6 8 9 10 16 28 32 52 64 97
1 2 3 4 5 6 8 9 10 16 28 32 52 64 100
1 2 3 4 5 6 8 9 10 16 32 48 64 80 97
1 2 3 4 5 6 8 9 10 16 32 48 64 80 100
1 2 3 4 5 6 8 9 10 16 32 48 64 80 108
1 2 3 4 5 6 8 9 10 16 32 48 64 81 98
1 2 3 4 5 6 8 9 10 16 32 48 64 81 100
1 2 3 4 5 6 8 9 10 16 32 48 64 84 104
1 2 3 4 5 6 8 9 16 17 24 32 33 64 65
1 2 3 4 5 6 8 9 16 17 24 32 33 64 66
1 2 3 4 5 6 8 9 16 17 24 32 33 64 70
1 2 3 4 5 6 8 9 16 17 24 32 33 64 74
1 2 3 4 5 6 8 9 16 17 24 32 33 64 96
1 2 3 4 5 6 8 9 16 17 24 32 33 64 98
1 2 3 4 5 6 8 9 16 17 24 32 34 64 66
1 2 3 4 5 6 8 9 16 17 24 32 34 64 67
1 2 3 4 5 6 8 9 16 17 24 32 34 64 68
1 2 3 4 5 6 8 9 16 17 24 32 34 64 69
1 2 3 4 5 6 8 9 16 17 24 32 34 64 70
1 2 3 4 5 6 8 9 16 17 24 32 34 64 72
1 2 3 4 5 6 8 9 16 17 24 32 34 64 74
1 2 3 4 5 6 8 9 16 17 24 32 34 64 76
1 2 3 4 5 6 8 9 16 17 24 32 34 64 88
1 2 3 4 5 6 8 9 16 17 24 32 34 64 96
1 2 3 4 5 6 8 9 16 17 24 32 34 64 97
1 2 3 4 5 6 8 9 16 17 24 32 34 64 100
1 2 3 4 5 6 8 9 16 17 24 32 34 64 104
1 2 3 4 5 6 8 9 16 17 24 32 38 64 70
1 2 3 4 5 6 8 9 16 17 24 32 38 64 74
1 2 3 4 5 6 8 9 16 17 24 32 38 64 88
1 2 3 4 5 6 8 9 16 17 24 32 38 64 96
1 2 3 4 5 6 8 9 16 17 24 32 38 64 98
1 2 3 4 5 6 8 9 16 17 24 32 38 64 106
1 2 3 4 5 6 8 9 16 17 24 32 42 64 74
1 2 3 4 5 6 8 9 16 17 24 32 42 64 76
1 2 3 4 5 6 8 9 16 17 24 32 42 64 84
1 2 3 4 5 6 8 9 16 17 24 32 42 64 96
1 2 3 4 5 6 8 9 16 17 24 32 42 64 98
1 2 3 4 5 6 8 9 16 17 24 32 42 64 102
1 2 3 4 5 6 8 9 16 17 32 33 64 66 72
1 2 3 4 5 6 8 9 16 17 32 33 64 70 74
1 2 3 4 5 6 8 9 16 17 32 33 64 72 80
1 2 3 4 5 6 8 9 16 17 32 33 64 74 82
1 2 3 4 5 6 8 9 16 17 32 33 64 88 104
1 2 3 4 5 6 8 9 16 17 32 34 40 64 66
1 2 3 4 5 6 8 9 16 17 32 34 40 64 67
1 2 3 4 5 6 8 9 16 17 32 34 40 64 68
1 2 3 4 5 6 8 9 16 17 32 34 40 64 69
1 2 3 4 5 6 8 9 16 17 32 34 40 64 70
1 2 3 4 5 6 8 9 16 17 32 34 40 64 72
1 2 3 4 5 6 8 9 16 17 32 34 40 64 73
1 2 3 4 5 6 8 9 16 17 32 34 40 64 74
1 2 3 4 5 6 8 9 16 17 32 34 40 64 76
1 2 3 4 5 6 8 9 16 17 32 34 40 64 80
1 2 3 4 5 6 8 9 16 17 32 34 40 64 82
1 2 3 4 5 6 8 9 16 17 32 34 40 64 84
1 2 3 4 5 6 8 9 16 17 32 34 40 64 88
1 2 3 4 5 6 8 9 16 17 32 34 40 64 96
1 2 3 4 5 6 8 9 16 17 32 34 40 64 97
1 2 3 4 5 6 8 9 16 17 32 34 40 64 98
1 2 3 4 5 6 8 9 16 17 32 34 40 64 100
1 2 3 4 5 6 8 9 16 17 32 34 40 64 104
1 2 3 4 5 6 8 9 16 17 32 34 40 64 107
1 2 3 4 5 6 8 9 16 17 32 34 40 64 112
1 2 3 4 5 6 8 9 16 17 32 34 64 67 96
1 2 3 4 5 6 8 9 16 17 32 34 64 67 104
1 2 3 4 5 6 8 9 16 17 32 34 64 68 96
1 2 3 4 5 6 8 9 16 17 32 34 64 69 97
1 2 3 4 5 6 8 9 16 17 32 34 64 70 74
1 2 3 4 5 6 8 9 16 17 32 34 64 70 96
1 2 3 4 5 6 8 9 16 17 32 34 64 72 80
1 2 3 4 5 6 8 9 16 17 32 34 64 72 96
1 2 3 4 5 6 8 9 16 17 32 34 64 72 97
1 2 3 4 5 6 8 9 16 17 32 34 64 74 82
1 2 3 4 5 6 8 9 16 17 32 34 64 74 96
1 2 3 4 5 6 8 9 16 17 32 34 64 76 84
1 2 3 4 5 6 8 9 16 17 32 34 64 76 100
1 2 3 4 5 6 8 9 16 17 32 34 64 88 104
1 2 3 4 5 6 8 9 16 17 32 38 42 64 70
1 2 3 4 5 6 8 9 16 17 32 38 42 64 72
1 2 3 4 5 6 8 9 16 17 32 38 42 64 74
1 2 3 4 5 6 8 9 16 17 32 38 42 64 80
1 2 3 4 5 6 8 9 16 17 32 38 42 64 82
1 2 3 4 5 6 8 9 16 17 32 38 42 64 88
1 2 3 4 5 6 8 9 16 17 32 38 42 64 96
1 2 3 4 5 6 8 9 16 17 32 38 42 64 98
1 2 3 4 5 6 8 9 16 17 32 38 42 64 106
1 2 3 4 5 6 8 9 16 17 32 38 42 64 114
1 2 3 4 5 6 8 9 16 17 32 38 64 72 80
1 2 3 4 5 6 8 9 16 17 32 38 64 72 98
1 2 3 4 5 6 8 9 16 17 32 38 64 74 82
1 2 3 4 5 6 8 9 16 17 32 38 64 74 96
1 2 3 4 5 6 8 9 16 17 32 38 64 88 106
1 2 3 4 5 6 8 9 16 17 32 40 48 64 72
1 2 3 4 5 6 8 9 16 17 32 40 48 64 73
1 2 3 4 5 6 8 9 16 17 32 40 48 64 74
1 2 3 4 5 6 8 9 16 17 32 40 48 64 88
1 2 3 4 5 6 8 9 16 17 32 40 48 64 96
1 2 3 4 5 6 8 9 16 17 32 40 48 64 97
1 2 3 4 5 6 8 9 16 17 32 40 48 64 98
1 2 3 4 5 6 8 9 16 17 32 40 48 64 104
1 2 3 4 5 6 8 9 16 17 32 40 48 64 121
1 2 3 4 5 6 8 9 16 17 32 40 64 72 96
1 2 3 4 5 6 8 9 16 17 32 40 64 73 96
1 2 3 4 5 6 8 9 16 17 32 40 64 73 98
1 2 3 4 5 6 8 9 16 17 32 40 64 73 112
1 2 3 4 5 6 8 9 16 17 32 40 64 74 82
1 2 3 4 5 6 8 9 16 17 32 40 64 74 96
1 2 3 4 5 6 8 9 16 17 32 40 64 80 96
1 2 3 4 5 6 8 9 16 17 32 40 64 80 97
1 2 3 4 5 6 8 9 16 17 32 40 64 82 98
1 2 3 4 5 6 8 9 16 17 32 40 64 88 96
1 2 3 4 5 6 8 9 16 17 32 42 50 64 74
1 2 3 4 5 6 8 9 16 17 32 42 50 64 76
1 2 3 4 5 6 8 9 16 17 32 42 50 64 88
1 2 3 4 5 6 8 9 16 17 32 42 50 64 96
1 2 3 4 5 6 8 9 16 17 32 42 50 64 98
1 2 3 4 5 6 8 9 16 17 32 42 50 64 102
1 2 3 4 5 6 8 9 16 17 32 42 50 64 106
1 2 3 4 5 6 8 9 16 17 32 42 64 74 96
1 2 3 4 5 6 8 9 16 17 32 42 64 76 96
1 2 3 4 5 6 8 9 16 17 32 42 64 82 96
1 2 3 4 5 6 8 9 16 17 32 42 64 84 102
1 2 3 4 5 6 8 9 16 17 32 42 64 88 96
1 2 3 4 5 6 8 9 16 17 32 56 64 88 96
1 2 3 4 5 6 8 9 16 18 24 27 32 64 97
1 2 3 4 5 6 8 9 16 18 24 27 32 64 100
1 2 3 4 5 6 8 9 16 18 24 27 32 64 104
1 2 3 4 5 6 8 9 16 18 24 32 35 64 68
1 2 3 4 5 6 8 9 16 18 24 32 35 64 69
1 2 3 4 5 6 8 9 16 18 24 32 35 64 72
1 2 3 4 5 6 8 9 16 18 24 32 35 64 73
1 2 3 4 5 6 8 9 16 18 24 32 35 64 74
1 2 3 4 5 6 8 9 16 18 24 32 35 64 76
1 2 3 4 5 6 8 9 16 18 24 32 35 64 88
1 2 3 4 5 6 8 9 16 18 24 32 35 64 91
1 2 3 4 5 6 8 9 16 18 24 32 35 64 96
1 2 3 4 5 6 8 9 16 18 24 32 35 64 97
1 2 3 4 5 6 8 9 16 18 24 32 35 64 101
1 2 3 4 5 6 8 9 16 18 24 32 35 64 105
1 2 3 4 5 6 8 9 16 18 24 32 35 64 120
1 2 3 4 5 6 8 9 16 18 24 32 36 64 69
1 2 3 4 5 6 8 9 16 18 24 32 36 64 72
1 2 3 4 5 6 8 9 16 18 24 32 36 64 73
1 2 3 4 5 6 8 9 16 18 24 32 36 64 74
1 2 3 4 5 6 8 9 16 18 24 32 36 64 76
1 2 3 4 5 6 8 9 16 18 24 32 36 64 88
1 2 3 4 5 6 8 9 16 18 24 32 36 64 91
1 2 3 4 5 6 8 9 16 18 24 32 36 64 96
1 2 3 4 5 6 8 9 16 18 24 32 36 64 97
1 2 3 4 5 6 8 9 16 18 24 32 36 64 104
1 2 3 4 5 6 8 9 16 18 24 32 37 64 70
1 2 3 4 5 6 8 9 16 18 24 32 37 64 72
1 2 3 4 5 6 8 9 16 18 24 32 37 64 73
1 2 3 4 5 6 8 9 16 18 24 32 37 64 74
1 2 3 4 5 6 8 9 16 18 24 32 37 64 76
1 2 3 4 5 6 8 9 16 18 24 32 37 64 80
1 2 3 4 5 6 8 9 16 18 24 32 37 64 81
1 2 3 4 5 6 8 9 16 18 24 32 37 64 82
1 2 3 4 5 6 8 9 16 18 24 32 37 64 84
1 2 3 4 5 6 8 9 16 18 24 32 37 64 88
1 2 3 4 5 6 8 9 16 18 24 32 37 64 91
1 2 3 4 5 6 8 9 16 18 24 32 37 64 96
1 2 3 4 5 6 8 9 16 18 24 32 37 64 97
1 2 3 4 5 6 8 9 16 18 24 32 37 64 99
1 2 3 4 5 6 8 9 16 18 24 32 37 64 105
1 2 3 4 5 6 8 9 16 18 24 32 37 64 113
1 2 3 4 5 6 8 9 16 18 24 32 40 64 72
1 2 3 4 5 6 8 9 16 18 24 32 40 64 73
1 2 3 4 5 6 8 9 16 18 24 32 40 64 74
1 2 3 4 5 6 8 9 16 18 24 32 40 64 76
1 2 3 4 5 6 8 9 16 18 24 32 40 64 80
1 2 3 4 5 6 8 9 16 18 24 32 40 64 81
1 2 3 4 5 6 8 9 16 18 24 32 40 64 82
1 2 3 4 5 6 8 9 16 18 24 32 40 64 84
1 2 3 4 5 6 8 9 16 18 24 32 40 64 88
1 2 3 4 5 6 8 9 16 18 24 32 40 64 91
1 2 3 4 5 6 8 9 16 18 24 32 40 64 96
1 2 3 4 5 6 8 9 16 18 24 32 40 64 97
1 2 3 4 5 6 8 9 16 18 24 32 40 64 98
1 2 3 4 5 6 8 9 16 18 24 32 40 64 100
1 2 3 4 5 6 8 9 16 18 24 32 40 64 112
1 2 3 4 5 6 8 9 16 18 24 32 41 64 73
1 2 3 4 5 6 8 9 16 18 24 32 41 64 74
1 2 3 4 5 6 8 9 16 18 24 32 41 64 76
1 2 3 4 5 6 8 9 16 18 24 32 41 64 81
1 2 3 4 5 6 8 9 16 18 24 32 41 64 82
1 2 3 4 5 6 8 9 16 18 24 32 41 64 84
1 2 3 4 5 6 8 9 16 18 24 32 41 64 88
1 2 3 4 5 6 8 9 16 18 24 32 41 64 91
1 2 3 4 5 6 8 9 16 18 24 32 41 64 96
1 2 3 4 5 6 8 9 16 18 24 32 41 64 97
1 2 3 4 5 6 8 9 16 18 24 32 41 64 99
1 2 3 4 5 6 8 9 16 18 24 32 41 64 101
1 2 3 4 5 6 8 9 16 18 24 32 41 64 113
1 2 3 4 5 6 8 9 16 18 24 32 41 64 114
1 2 3 4 5 6 8 9 16 18 24 32 42 64 74
1 2 3 4 5 6 8 9 16 18 24 32 42 64 76
1 2 3 4 5 6 8 9 16 18 24 32 42 64 81
1 2 3 4 5 6 8 9 16 18 24 32 42 64 84
1 2 3 4 5 6 8 9 16 18 24 32 42 64 88
1 2 3 4 5 6 8 9 16 18 24 32 42 64 96
1 2 3 4 5 6 8 9 16 18 24 32 42 64 98
1 2 3 4 5 6 8 9 16 18 24 32 42 64 99
1 2 3 4 5 6 8 9 16 18 24 32 42 64 102
1 2 3 4 5 6 8 9 16 18 24 32 42 64 114
1 2 3 4 5 6 8 9 16 18 24 32 44 64 76
1 2 3 4 5 6 8 9 16 18 24 32 44 64 84
1 2 3 4 5 6 8 9 16 18 24 32 44 64 88
1 2 3 4 5 6 8 9 16 18 24 32 44 64 96
1 2 3 4 5 6 8 9 16 18 24 32 44 64 100
1 2 3 4 5 6 8 9 16 18 24 32 44 64 101
1 2 3 4 5 6 8 9 16 18 24 32 44 64 102
1 2 3 4 5 6 8 9 16 18 24 32 44 64 116
1 2 3 4 5 6 8 9 16 18 24 32 56 64 88
1 2 3 4 5 6 8 9 16 18 24 32 56 64 91
1 2 3 4 5 6 8 9 16 18 24 32 56 64 96
1 2 3 4 5 6 8 9 16 18 24 32 56 64 99
1 2 3 4 5 6 8 9 16 18 24 32 56 64 104
1 2 3 4 5 6 8 9 16 18 24 32 56 64 105
1 2 3 4 5 6 8 9 16 18 24 32 56 64 108
1 2 3 4 5 6 8 9 16 18 24 32 59 64 91
1 2 3 4 5 6 8 9 16 18 24 32 59 64 96
1 2 3 4 5 6 8 9 16 18 24 32 59 64 99
1 2 3 4 5 6 8 9 16 18 24 32 59 64 105
1 2 3 4 5 6 8 9 16 18 32 35 56 64 68
1 2 3 4 5 6 8 9 16 18 32 35 56 64 72
1 2 3 4 5 6 8 9 16 18 32 35 56 64 88
1 2 3 4 5 6 8 9 16 18 32 35 56 64 120
1 2 3 4 5 6 8 9 16 18 32 35 64 68 97
1 2 3 4 5 6 8 9 16 18 32 35 64 72 80
1 2 3 4 5 6 8 9 16 18 32 35 64 72 81
1 2 3 4 5 6 8 9 16 18 32 35 64 72 112
1 2 3 4 5 6 8 9 16 18 32 35 64 76 84
1 2 3 4 5 6 8 9 16 18 32 35 64 88 105
1 2 3 4 5 6 8 9 16 18 32 36 64 72 80
1 2 3 4 5 6 8 9 16 18 32 36 64 72 81
1 2 3 4 5 6 8 9 16 18 32 36 64 74 98
1 2 3 4 5 6 8 9 16 18 32 36 64 88 104
1 2 3 4 5 6 8 9 16 18 32 37 49 64 70
1 2 3 4 5 6 8 9 16 18 32 37 49 64 72
1 2 3 4 5 6 8 9 16 18 32 37 49 64 74
1 2 3 4 5 6 8 9 16 18 32 37 49 64 80
1 2 3 4 5 6 8 9 16 18 32 37 49 64 81
1 2 3 4 5 6 8 9 16 18 32 37 49 64 82
1 2 3 4 5 6 8 9 16 18 32 37 49 64 84
1 2 3 4 5 6 8 9 16 18 32 37 49 64 88
1 2 3 4 5 6 8 9 16 18 32 37 49 64 113
1 2 3 4 5 6 8 9 16 18 32 37 64 72 80
1 2 3 4 5 6 8 9 16 18 32 37 64 72 81
1 2 3 4 5 6 8 9 16 18 32 37 64 74 80
1 2 3 4 5 6 8 9 16 18 32 37 64 74 99
1 2 3 4 5 6 8 9 16 18 32 37 64 80 97
1 2 3 4 5 6 8 9 16 18 32 37 64 80 99
1 2 3 4 5 6 8 9 16 18 32 37 64 88 105
1 2 3 4 5 6 8 9 16 18 32 40 48 64 72
1 2 3 4 5 6 8 9 16 18 32 40 48 64 73
1 2 3 4 5 6 8 9 16 18 32 40 48 64 74
1 2 3 4 5 6 8 9 16 18 32 40 48 64 76
1 2 3 4 5 6 8 9 16 18 32 40 48 64 88
1 2 3 4 5 6 8 9 16 18 32 40 48 64 91
1 2 3 4 5 6 8 9 16 18 32 40 48 64 96
1 2 3 4 5 6 8 9 16 18 32 40 48 64 97
1 2 3 4 5 6 8 9 16 18 32 40 48 64 100
1 2 3 4 5 6 8 9 16 18 32 40 48 64 104
1 2 3 4 5 6 8 9 16 18 32 40 48 64 107
1 2 3 4 5 6 8 9 16 18 32 40 48 64 121
1 2 3 4 5 6 8 9 16 18 32 40 49 64 72
1 2 3 4 5 6 8 9 16 18 32 40 49 64 73
1 2 3 4 5 6 8 9 16 18 32 40 49 64 75
1 2 3 4 5 6 8 9 16 18 32 40 49 64 77
1 2 3 4 5 6 8 9 16 18 32 40 49 64 80
1 2 3 4 5 6 8 9 16 18 32 40 49 64 81
1 2 3 4 5 6 8 9 16 18 32 40 49 64 82
1 2 3 4 5 6 8 9 16 18 32 40 49 64 84
1 2 3 4 5 6 8 9 16 18 32 40 49 64 89
1 2 3 4 5 6 8 9 16 18 32 40 49 64 96
1 2 3 4 5 6 8 9 16 18 32 40 49 64 97
1 2 3 4 5 6 8 9 16 18 32 40 49 64 99
1 2 3 4 5 6 8 9 16 18 32 40 49 64 101
1 2 3 4 5 6 8 9 16 18 32 40 49 64 104
1 2 3 4 5 6 8 9 16 18 32 40 49 64 113
1 2 3 4 5 6 8 9 16 18 32 40 49 64 114
1 2 3 4 5 6 8 9 16 18 32 40 49 64 120
1 2 3 4 5 6 8 9 16 18 32 40 64 72 96
1 2 3 4 5 6 8 9 16 18 32 40 64 73 96
1 2 3 4 5 6 8 9 16 18 32 40 64 73 98
1 2 3 4 5 6 8 9 16 18 32 40 64 73 100
1 2 3 4 5 6 8 9 16 18 32 40 64 73 112
1 2 3 4 5 6 8 9 16 18 32 40 64 74 96
1 2 3 4 5 6 8 9 16 18 32 40 64 74 112
1 2 3 4 5 6 8 9 16 18 32 40 64 75 96
1 2 3 4 5 6 8 9 16 18 32 40 64 76 84
1 2 3 4 5 6 8 9 16 18 32 40 64 76 96
1 2 3 4 5 6 8 9 16 18 32 40 64 77 84
1 2 3 4 5 6 8 9 16 18 32 40 64 77 96
1 2 3 4 5 6 8 9 16 18 32 40 64 80 96
1 2 3 4 5 6 8 9 16 18 32 40 64 80 97
1 2 3 4 5 6 8 9 16 18 32 40 64 80 99
1 2 3 4 5 6 8 9 16 18 32 40 64 81 96
1 2 3 4 5 6 8 9 16 18 32 40 64 81 97
1 2 3 4 5 6 8 9 16 18 32 40 64 84 100
1 2 3 4 5 6 8 9 16 18 32 40 64 84 101
1 2 3 4 5 6 8 9 16 18 32 40 64 88 96
1 2 3 4 5 6 8 9 16 18 32 40 64 89 96
1 2 3 4 5 6 8 9 16 18 32 40 64 89 99
1 2 3 4 5 6 8 9 16 18 32 42 64 74 96
1 2 3 4 5 6 8 9 16 18 32 42 64 76 84
1 2 3 4 5 6 8 9 16 18 32 42 64 76 96
1 2 3 4 5 6 8 9 16 18 32 42 64 81 99
1 2 3 4 5 6 8 9 16 18 32 42 64 84 102
1 2 3 4 5 6 8 9 16 18 32 42 64 88 96
1 2 3 4 5 6 8 9 16 18 32 44 52 64 76
1 2 3 4 5 6 8 9 16 18 32 44 52 64 88
1 2 3 4 5 6 8 9 16 18 32 44 52 64 96
1 2 3 4 5 6 8 9 16 18 32 44 52 64 100
1 2 3 4 5 6 8 9 16 18 32 44 52 64 101
1 2 3 4 5 6 8 9 16 18 32 44 52 64 108
1 2 3 4 5 6 8 9 16 18 32 44 64 76 96
1 2 3 4 5 6 8 9 16 18 32 44 64 84 96
1 2 3 4 5 6 8 9 16 18 32 44 64 88 96
1 2 3 4 5 6 8 9 16 18 32 56 64 88 96
1 2 3 4 5 6 8 9 16 18 32 56 64 91 96
1 2 3 4 5 6 8 9 16 22 26 32 40 64 72
1 2 3 4 5 6 8 9 16 22 26 32 40 64 73
1 2 3 4 5 6 8 9 16 22 26 32 40 64 74
1 2 3 4 5 6 8 9 16 22 26 32 40 64 80
1 2 3 4 5 6 8 9 16 22 26 32 40 64 82
1 2 3 4 5 6 8 9 16 22 26 32 40 64 83
1 2 3 4 5 6 8 9 16 22 26 32 40 64 90
1 2 3 4 5 6 8 9 16 22 26 32 40 64 96
1 2 3 4 5 6 8 9 16 22 26 32 40 64 97
1 2 3 4 5 6 8 9 16 22 26 32 40 64 98
1 2 3 4 5 6 8 9 16 22 26 32 40 64 114
1 2 3 4 5 6 8 9 16 22 26 32 42 64 74
1 2 3 4 5 6 8 9 16 22 26 32 42 64 76
1 2 3 4 5 6 8 9 16 22 26 32 42 64 82
1 2 3 4 5 6 8 9 16 22 26 32 42 64 90
1 2 3 4 5 6 8 9 16 22 26 32 42 64 96
1 2 3 4 5 6 8 9 16 22 26 32 42 64 98
1 2 3 4 5 6 8 9 16 22 26 32 42 64 102
1 2 3 4 5 6 8 9 16 22 26 32 42 64 112
1 2 3 4 5 6 8 9 16 22 26 32 58 64 90
1 2 3 4 5 6 8 9 16 22 26 32 58 64 96
1 2 3 4 5 6 8 9 16 22 26 32 58 64 104
1 2 3 4 5 6 8 9 16 22 32 40 50 64 72
1 2 3 4 5 6 8 9 16 22 32 40 50 64 73
1 2 3 4 5 6 8 9 16 22 32 40 50 64 74
1 2 3 4 5 6 8 9 16 22 32 40 50 64 80
1 2 3 4 5 6 8 9 16 22 32 40 50 64 82
1 2 3 4 5 6 8 9 16 22 32 40 50 64 83
1 2 3 4 5 6 8 9 16 22 32 40 50 64 90
1 2 3 4 5 6 8 9 16 22 32 40 50 64 96
1 2 3 4 5 6 8 9 16 22 32 40 50 64 97
1 2 3 4 5 6 8 9 16 22 32 40 50 64 98
1 2 3 4 5 6 8 9 16 22 32 40 50 64 104
1 2 3 4 5 6 8 9 16 22 32 40 50 64 114
1 2 3 4 5 6 8 9 16 22 32 40 50 64 123
1 2 3 4 5 6 8 9 16 22 32 40 64 72 96
1 2 3 4 5 6 8 9 16 22 32 40 64 73 96
1 2 3 4 5 6 8 9 16 22 32 40 64 73 98
1 2 3 4 5 6 8 9 16 22 32 40 64 73 114
1 2 3 4 5 6 8 9 16 22 32 40 64 74 96
1 2 3 4 5 6 8 9 16 22 32 40 64 80 98
1 2 3 4 5 6 8 9 16 22 32 40 64 82 96
1 2 3 4 5 6 8 9 16 22 32 40 64 82 97
1 2 3 4 5 6 8 9 16 22 32 40 64 90 96
1 2 3 4 5 6 8 9 16 22 32 42 64 74 96
1 2 3 4 5 6 8 9 16 22 32 42 64 76 96
1 2 3 4 5 6 8 9 16 22 32 42 64 76 112
1 2 3 4 5 6 8 9 16 22 32 42 64 82 98
1 2 3 4 5 6 8 9 16 22 32 42 64 90 96
1 2 3 4 5 6 8 9 16 22 32 58 64 90 96
1 2 3 4 5 6 8 9 16 24 32 40 48 64 73
1 2 3 4 5 6 8 9 16 24 32 40 48 64 74
1 2 3 4 5 6 8 9 16 24 32 40 48 64 82
1 2 3 4 5 6 8 9 16 24 32 40 64 73 80
1 2 3 4 5 6 8 9 16 24 32 40 64 73 82
1 2 3 4 5 6 8 9 16 24 32 40 64 74 80
1 2 3 4 5 6 8 9 16 24 32 40 64 80 96
1 2 3 4 5 6 8 9 16 24 32 40 64 81 97
1 2 3 4 5 6 8 9 16 24 32 40 64 82 98
1 2 3 4 5 6 8 9 16 24 32 41 48 64 74
1 2 3 4 5 6 8 9 16 24 32 41 48 64 80
1 2 3 4 5 6 8 9 16 24 32 41 48 64 88
1 2 3 4 5 6 8 9 16 24 32 41 48 64 89
1 2 3 4 5 6 8 9 16 24 32 41 48 64 90
1 2 3 4 5 6 8 9 16 24 32 41 48 64 112
1 2 3 4 5 6 8 9 16 24 32 41 48 64 113
1 2 3 4 5 6 8 9 16 24 32 41 48 64 114
1 2 3 4 5 6 8 9 16 24 32 41 50 64 80
1 2 3 4 5 6 8 9 16 24 32 41 50 64 82
1 2 3 4 5 6 8 9 16 24 32 41 50 64 112
1 2 3 4 5 6 8 9 16 24 32 41 50 64 114
1 2 3 4 5 6 8 9 16 24 32 41 50 64 116
1 2 3 4 5 6 8 9 16 24 32 41 64 74 80
1 2 3 4 5 6 8 9 16 24 32 41 64 80 96
1 2 3 4 5 6 8 9 16 24 32 41 64 80 97
1 2 3 4 5 6 8 9 16 24 32 41 64 80 98
1 2 3 4 5 6 8 9 16 24 32 41 64 82 99
1 2 3 4 5 6 8 9 16 24 32 42 48 64 74
1 2 3 4 5 6 8 9 16 24 32 42 48 64 76
1 2 3 4 5 6 8 9 16 24 32 42 48 64 80
1 2 3 4 5 6 8 9 16 24 32 42 48 64 88
1 2 3 4 5 6 8 9 16 24 32 42 48 64 89
1 2 3 4 5 6 8 9 16 24 32 42 48 64 90
1 2 3 4 5 6 8 9 16 24 32 42 48 64 92
1 2 3 4 5 6 8 9 16 24 32 42 48 64 96
1 2 3 4 5 6 8 9 16 24 32 42 48 64 99
1 2 3 4 5 6 8 9 16 24 32 42 48 64 104
1 2 3 4 5 6 8 9 16 24 32 42 48 64 105
1 2 3 4 5 6 8 9 16 24 32 42 48 64 106
1 2 3 4 5 6 8 9 16 24 32 42 48 64 108
1 2 3 4 5 6 8 9 16 24 32 42 48 64 112
1 2 3 4 5 6 8 9 16 24 32 42 48 64 114
1 2 3 4 5 6 8 9 16 24 32 42 64 74 96
1 2 3 4 5 6 8 9 16 24 32 42 64 76 96
1 2 3 4 5 6 8 9 16 24 32 42 64 80 96
1 2 3 4 5 6 8 9 16 24 32 42 64 80 98
1 2 3 4 5 6 8 9 16 24 32 42 64 81 99
1 2 3 4 5 6 8 9 16 24 32 42 64 82 96
1 2 3 4 5 6 8 9 16 24 32 42 64 84 102
1 2 3 4 5 6 8 9 16 24 32 48 64 80 96
1 2 3 4 5 6 8 9 16 24 32 48 64 81 96
1 2 3 4 5 6 8 9 16 24 32 48 64 81 98
1 2 3 4 5 6 8 9 16 24 32 48 64 82 96
1 2 3 4 5 6 8 9 16 24 32 48 64 88 96
1 2 3 4 5 6 8 9 16 24 32 48 64 88 97
1 2 3 4 5 6 8 9 16 24 32 48 64 88 98
1 2 3 4 5 6 8 9 16 24 32 48 64 89 96
1 2 3 4 5 6 8 9 16 24 32 48 64 90 96
1 2 3 4 5 6 8 9 16 24 32 48 64 90 99
1 2 3 4 5 6 8 9 16 24 32 49 64 81 96
1 2 3 4 5 6 8 9 16 24 32 49 64 82 96
1 2 3 4 5 6 8 9 16 24 32 50 64 82 96
1 2 3 4 5 6 8 9 16 24 32 50 64 84 96
1 2 3 4 5 6 8 9 16 24 32 50 64 91 96
1 2 3 4 5 6 8 9 16 26 32 42 48 64 74
1 2 3 4 5 6 8 9 16 26 32 42 48 64 76
1 2 3 4 5 6 8 9 16 26 32 42 48 64 80
1 2 3 4 5 6 8 9 16 26 32 42 48 64 82
1 2 3 4 5 6 8 9 16 26 32 42 48 64 86
1 2 3 4 5 6 8 9 16 26 32 42 48 64 112
1 2 3 4 5 6 8 9 16 26 32 42 64 76 80
1 2 3 4 5 6 8 9 16 26 32 42 64 80 96
1 2 3 4 5 6 8 9 16 26 32 42 64 82 98
1 2 3 4 5 6 8 9 16 26 32 42 64 86 102
1 2 3 4 5 6 8 9 16 26 32 44 48 64 80
1 2 3 4 5 6 8 9 16 26 32 44 48 64 88
1 2 3 4 5 6 8 9 16 26 32 44 48 64 90
1 2 3 4 5 6 8 9 16 26 32 44 48 64 92
1 2 3 4 5 6 8 9 16 26 32 44 48 64 112
1 2 3 4 5 6 8 9 16 26 32 44 48 64 118
1 2 3 4 5 6 8 9 16 26 32 44 64 80 96
1 2 3 4 5 6 8 9 16 26 32 44 64 80 102
1 2 3 4 5 6 8 9 16 26 32 44 64 82 100
1 2 3 4 5 6 8 9 16 26 32 48 64 80 96
1 2 3 4 5 6 8 9 16 26 32 48 64 82 96
1 2 3 4 5 6 8 9 16 26 32 48 64 86 96
1 2 3 4 5 6 8 9 16 26 32 48 64 88 96
1 2 3 4 5 6 8 9 16 26 32 48 64 90 96
1 2 3 4 5 6 8 9 16 26 32 48 64 90 98
1 2 3 4 5 6 8 9 16 26 32 48 64 90 102
1 2 3 4 5 6 8 9 16 26 32 48 64 92 96
1 2 3 4 5 6 8 9 16 26 32 50 64 82 96
1 2 3 4 5 6 8 9 16 26 32 50 64 83 96
1 2 3 4 5 6 8 9 16 26 32 50 64 86 96
1 2 3 4 5 6 8 9 16 26 32 54 64 86 96
1 2 3 4 5 6 8 16 24 32 40 48 64 73 82
1 2 3 4 5 6 8 16 24 32 40 49 64 72 81
1 2 3 4 5 6 8 16 24 32 40 49 64 72 82
1 2 3 4 5 6 8 16 24 32 40 49 64 80 96
1 2 3 4 5 6 8 16 24 32 40 49 64 80 97
1 2 3 4 5 6 8 16 24 32 40 49 64 80 98
1 2 3 4 5 6 8 16 24 32 40 49 64 82 99
1 2 3 4 5 6 8 16 24 32 40 64 73 82 98
1 2 3 4 5 6 8 16 24 32 40 64 73 82 100
1 2 3 4 5 6 8 16 24 32 40 64 80 96 121
1 2 3 4 5 6 8 16 24 32 40 64 80 97 121
1 2 3 4 5 6 8 16 24 32 40 64 80 97 122
1 2 3 4 5 6 8 16 24 32 41 50 64 73 82
1 2 3 4 5 6 8 16 24 32 41 64 82 96 123
1 2 3 4 5 6 8 16 25 32 41 64 81 97 121
1 2 3 4 5 8 9 16 17 32 33 64 66 68 71
1 2 3 4 5 8 9 16 17 32 33 64 66 68 72
1 2 3 4 5 8 9 16 17 32 33 64 70 74 82
1 2 3 4 5 8 9 16 17 32 34 36 39 64 66
1 2 3 4 5 8 9 16 17 32 34 36 39 64 72
1 2 3 4 5 8 9 16 17 32 34 36 39 64 74
1 2 3 4 5 8 9 16 17 32 34 36 39 64 88
1 2 3 4 5 8 9 16 17 32 34 36 39 64 96
1 2 3 4 5 8 9 16 17 32 34 36 40 64 66
1 2 3 4 5 8 9 16 17 32 34 36 40 64 67
1 2 3 4 5 8 9 16 17 32 34 36 40 64 70
1 2 3 4 5 8 9 16 17 32 34 36 40 64 80
1 2 3 4 5 8 9 16 17 32 34 36 40 64 82
1 2 3 4 5 8 9 16 17 32 34 36 40 64 96
1 2 3 4 5 8 9 16 17 32 34 36 40 64 97
1 2 3 4 5 8 9 16 17 32 34 36 40 64 98
1 2 3 4 5 8 9 16 17 32 34 36 40 64 112
1 2 3 4 5 8 9 16 17 32 34 36 64 66 68
1 2 3 4 5 8 9 16 17 32 34 36 64 66 72
1 2 3 4 5 8 9 16 17 32 34 36 64 67 69
1 2 3 4 5 8 9 16 17 32 34 36 64 67 72
1 2 3 4 5 8 9 16 17 32 34 36 64 67 97
1 2 3 4 5 8 9 16 17 32 34 36 64 67 100
1 2 3 4 5 8 9 16 17 32 34 36 64 70 74
1 2 3 4 5 8 9 16 17 32 34 36 64 70 98
1 2 3 4 5 8 9 16 17 32 34 36 64 72 80
1 2 3 4 5 8 9 16 17 32 34 36 64 72 96
1 2 3 4 5 8 9 16 17 32 34 36 64 72 97
1 2 3 4 5 8 9 16 17 32 34 36 64 74 82
1 2 3 4 5 8 9 16 17 32 34 36 64 74 98
1 2 3 4 5 8 9 16 17 32 34 36 64 88 104
1 2 3 4 5 8 9 16 17 32 34 64 67 96 100
1 2 3 4 5 8 9 16 17 32 34 64 67 100 104
1 2 3 4 5 8 9 16 17 32 34 64 68 96 102
1 2 3 4 5 8 9 16 17 32 34 64 70 74 82
1 2 3 4 5 8 9 16 17 32 34 64 70 74 96
1 2 3 4 5 8 9 16 17 32 34 64 76 84 100
1 2 3 4 5 8 9 16 17 32 38 42 50 64 70
1 2 3 4 5 8 9 16 17 32 38 42 50 64 96
1 2 3 4 5 8 9 16 17 32 38 42 50 64 98
1 2 3 4 5 8 9 16 17 32 38 42 64 70 74
1 2 3 4 5 8 9 16 17 32 38 42 64 70 82
1 2 3 4 5 8 9 16 17 32 38 42 64 70 96
1 2 3 4 5 8 9 16 17 32 38 42 64 82 96
1 2 3 4 5 8 9 16 17 32 38 64 74 96 108
1 2 3 4 5 8 9 16 18 20 23 32 34 64 67
1 2 3 4 5 8 9 16 18 20 23 32 34 64 68
1 2 3 4 5 8 9 16 18 20 23 32 34 64 72
1 2 3 4 5 8 9 16 18 20 23 32 34 64 74
1 2 3 4 5 8 9 16 18 20 23 32 34 64 76
1 2 3 4 5 8 9 16 18 20 23 32 34 64 84
1 2 3 4 5 8 9 16 18 20 23 32 34 64 104
1 2 3 4 5 8 9 16 18 20 23 32 40 64 72
1 2 3 4 5 8 9 16 18 20 23 32 40 64 73
1 2 3 4 5 8 9 16 18 20 23 32 40 64 74
1 2 3 4 5 8 9 16 18 20 23 32 40 64 80
1 2 3 4 5 8 9 16 18 20 23 32 40 64 96
1 2 3 4 5 8 9 16 18 20 23 32 40 64 97
1 2 3 4 5 8 9 16 18 20 23 32 40 64 98
1 2 3 4 5 8 9 16 18 20 23 32 42 64 74
1 2 3 4 5 8 9 16 18 20 23 32 42 64 80
1 2 3 4 5 8 9 16 18 20 23 32 42 64 96
1 2 3 4 5 8 9 16 18 20 23 32 42 64 98
1 2 3 4 5 8 9 16 18 20 23 32 48 64 87
1 2 3 4 5 8 9 16 18 20 24 32 34 64 67
1 2 3 4 5 8 9 16 18 20 24 32 34 64 68
1 2 3 4 5 8 9 16 18 20 24 32 34 64 69
1 2 3 4 5 8 9 16 18 20 24 32 34 64 70
1 2 3 4 5 8 9 16 18 20 24 32 34 64 76
1 2 3 4 5 8 9 16 18 20 24 32 34 64 81
1 2 3 4 5 8 9 16 18 20 24 32 34 64 96
1 2 3 4 5 8 9 16 18 20 24 32 34 64 97
1 2 3 4 5 8 9 16 18 20 24 32 34 64 100
1 2 3 4 5 8 9 16 18 20 24 32 35 64 67
1 2 3 4 5 8 9 16 18 20 24 32 35 64 69
1 2 3 4 5 8 9 16 18 20 24 32 35 64 70
1 2 3 4 5 8 9 16 18 20 24 32 35 64 76
1 2 3 4 5 8 9 16 18 20 24 32 35 64 81
1 2 3 4 5 8 9 16 18 20 24 32 35 64 82
1 2 3 4 5 8 9 16 18 20 24 32 35 64 84
1 2 3 4 5 8 9 16 18 20 24 32 35 64 96
1 2 3 4 5 8 9 16 18 20 24 32 35 64 97
1 2 3 4 5 8 9 16 18 20 24 32 35 64 101
1 2 3 4 5 8 9 16 18 20 24 32 35 64 113
1 2 3 4 5 8 9 16 18 20 24 32 38 64 70
1 2 3 4 5 8 9 16 18 20 24 32 38 64 74
1 2 3 4 5 8 9 16 18 20 24 32 38 64 81
1 2 3 4 5 8 9 16 18 20 24 32 38 64 96
1 2 3 4 5 8 9 16 18 20 24 32 38 64 98
1 2 3 4 5 8 9 16 18 20 24 32 38 64 99
1 2 3 4 5 8 9 16 18 20 24 32 38 64 106
1 2 3 4 5 8 9 16 18 20 24 32 49 64 81
1 2 3 4 5 8 9 16 18 20 24 32 49 64 96
1 2 3 4 5 8 9 16 18 20 24 32 49 64 97
1 2 3 4 5 8 9 16 18 20 24 32 49 64 99
1 2 3 4 5 8 9 16 18 20 32 34 40 64 67
1 2 3 4 5 8 9 16 18 20 32 34 40 64 68
1 2 3 4 5 8 9 16 18 20 32 34 40 64 69
1 2 3 4 5 8 9 16 18 20 32 34 40 64 70
1 2 3 4 5 8 9 16 18 20 32 34 40 64 76
1 2 3 4 5 8 9 16 18 20 32 34 40 64 84
1 2 3 4 5 8 9 16 18 20 32 34 40 64 87
1 2 3 4 5 8 9 16 18 20 32 34 40 64 88
1 2 3 4 5 8 9 16 18 20 32 34 64 67 69
1 2 3 4 5 8 9 16 18 20 32 34 64 67 72
1 2 3 4 5 8 9 16 18 20 32 34 64 67 84
1 2 3 4 5 8 9 16 18 20 32 34 64 67 104
1 2 3 4 5 8 9 16 18 20 32 34 64 68 96
1 2 3 4 5 8 9 16 18 20 32 34 64 69 72
1 2 3 4 5 8 9 16 18 20 32 34 64 69 81
1 2 3 4 5 8 9 16 18 20 32 34 64 69 82
1 2 3 4 5 8 9 16 18 20 32 34 64 69 97
1 2 3 4 5 8 9 16 18 20 32 34 64 70 74
1 2 3 4 5 8 9 16 18 20 32 34 64 70 96
1 2 3 4 5 8 9 16 18 20 32 34 64 72 96
1 2 3 4 5 8 9 16 18 20 32 34 64 72 97
1 2 3 4 5 8 9 16 18 20 32 34 64 76 84
1 2 3 4 5 8 9 16 18 20 32 34 64 76 100
1 2 3 4 5 8 9 16 18 20 32 35 37 64 70
1 2 3 4 5 8 9 16 18 20 32 35 37 64 72
1 2 3 4 5 8 9 16 18 20 32 35 37 64 74
1 2 3 4 5 8 9 16 18 20 32 35 37 64 80
1 2 3 4 5 8 9 16 18 20 32 35 37 64 81
1 2 3 4 5 8 9 16 18 20 32 35 37 64 82
1 2 3 4 5 8 9 16 18 20 32 35 37 64 88
1 2 3 4 5 8 9 16 18 20 32 35 37 64 113
1 2 3 4 5 8 9 16 18 20 32 35 37 64 119
1 2 3 4 5 8 9 16 18 20 32 35 40 64 69
1 2 3 4 5 8 9 16 18 20 32 35 40 64 70
1 2 3 4 5 8 9 16 18 20 32 35 40 64 77
1 2 3 4 5 8 9 16 18 20 32 35 40 64 80
1 2 3 4 5 8 9 16 18 20 32 35 40 64 81
1 2 3 4 5 8 9 16 18 20 32 35 40 64 82
1 2 3 4 5 8 9 16 18 20 32 35 40 64 84
1 2 3 4 5 8 9 16 18 20 32 35 40 64 87
1 2 3 4 5 8 9 16 18 20 32 35 40 64 89
1 2 3 4 5 8 9 16 18 20 32 35 40 64 113
1 2 3 4 5 8 9 16 18 20 32 35 49 64 67
1 2 3 4 5 8 9 16 18 20 32 35 49 64 69
1 2 3 4 5 8 9 16 18 20 32 35 49 64 70
1 2 3 4 5 8 9 16 18 20 32 35 49 64 72
1 2 3 4 5 8 9 16 18 20 32 35 49 64 74
1 2 3 4 5 8 9 16 18 20 32 35 49 64 76
1 2 3 4 5 8 9 16 18 20 32 35 49 64 80
1 2 3 4 5 8 9 16 18 20 32 35 49 64 81
1 2 3 4 5 8 9 16 18 20 32 35 49 64 82
1 2 3 4 5 8 9 16 18 20 32 35 49 64 84
1 2 3 4 5 8 9 16 18 20 32 35 49 64 88
1 2 3 4 5 8 9 16 18 20 32 35 49 64 96
1 2 3 4 5 8 9 16 18 20 32 35 49 64 97
1 2 3 4 5 8 9 16 18 20 32 35 49 64 99
1 2 3 4 5 8 9 16 18 20 32 35 49 64 101
1 2 3 4 5 8 9 16 18 20 32 35 49 64 104
1 2 3 4 5 8 9 16 18 20 32 35 49 64 113
1 2 3 4 5 8 9 16 18 20 32 35 49 64 116
1 2 3 4 5 8 9 16 18 20 32 35 52 64 67
1 2 3 4 5 8 9 16 18 20 32 35 52 64 69
1 2 3 4 5 8 9 16 18 20 32 35 52 64 72
1 2 3 4 5 8 9 16 18 20 32 35 52 64 74
1 2 3 4 5 8 9 16 18 20 32 35 52 64 76
1 2 3 4 5 8 9 16 18 20 32 35 52 64 80
1 2 3 4 5 8 9 16 18 20 32 35 52 64 82
1 2 3 4 5 8 9 16 18 20 32 35 52 64 84
1 2 3 4 5 8 9 16 18 20 32 35 52 64 87
1 2 3 4 5 8 9 16 18 20 32 35 52 64 96
1 2 3 4 5 8 9 16 18 20 32 35 52 64 99
1 2 3 4 5 8 9 16 18 20 32 35 52 64 102
1 2 3 4 5 8 9 16 18 20 32 35 52 64 113
1 2 3 4 5 8 9 16 18 20 32 35 52 64 116
1 2 3 4 5 8 9 16 18 20 32 35 64 69 96
1 2 3 4 5 8 9 16 18 20 32 35 64 69 113
1 2 3 4 5 8 9 16 18 20 32 35 64 70 74
1 2 3 4 5 8 9 16 18 20 32 35 64 70 82
1 2 3 4 5 8 9 16 18 20 32 35 64 70 96
1 2 3 4 5 8 9 16 18 20 32 35 64 72 80
1 2 3 4 5 8 9 16 18 20 32 35 64 72 81
1 2 3 4 5 8 9 16 18 20 32 35 64 72 96
1 2 3 4 5 8 9 16 18 20 32 35 64 72 97
1 2 3 4 5 8 9 16 18 20 32 35 64 74 82
1 2 3 4 5 8 9 16 18 20 32 35 64 74 96
1 2 3 4 5 8 9 16 18 20 32 35 64 76 84
1 2 3 4 5 8 9 16 18 20 32 35 64 76 101
1 2 3 4 5 8 9 16 18 20 32 35 64 80 97
1 2 3 4 5 8 9 16 18 20 32 35 64 81 96
1 2 3 4 5 8 9 16 18 20 32 35 64 82 96
1 2 3 4 5 8 9 16 18 20 32 35 64 82 101
1 2 3 4 5 8 9 16 18 20 32 35 64 84 96
1 2 3 4 5 8 9 16 18 20 32 35 64 84 101
1 2 3 4 5 8 9 16 18 20 32 35 64 87 96
1 2 3 4 5 8 9 16 18 20 32 35 64 88 105
1 2 3 4 5 8 9 16 18 20 32 38 42 64 70
1 2 3 4 5 8 9 16 18 20 32 38 42 64 72
1 2 3 4 5 8 9 16 18 20 32 38 42 64 73
1 2 3 4 5 8 9 16 18 20 32 38 42 64 74
1 2 3 4 5 8 9 16 18 20 32 38 42 64 80
1 2 3 4 5 8 9 16 18 20 32 38 42 64 81
1 2 3 4 5 8 9 16 18 20 32 38 42 64 82
1 2 3 4 5 8 9 16 18 20 32 38 42 64 88
1 2 3 4 5 8 9 16 18 20 32 38 42 64 96
1 2 3 4 5 8 9 16 18 20 32 38 42 64 98
1 2 3 4 5 8 9 16 18 20 32 38 42 64 99
1 2 3 4 5 8 9 16 18 20 32 38 42 64 106
1 2 3 4 5 8 9 16 18 20 32 38 42 64 114
1 2 3 4 5 8 9 16 18 20 32 38 50 64 70
1 2 3 4 5 8 9 16 18 20 32 38 50 64 72
1 2 3 4 5 8 9 16 18 20 32 38 50 64 74
1 2 3 4 5 8 9 16 18 20 32 38 50 64 81
1 2 3 4 5 8 9 16 18 20 32 38 50 64 88
1 2 3 4 5 8 9 16 18 20 32 38 50 64 96
1 2 3 4 5 8 9 16 18 20 32 38 50 64 98
1 2 3 4 5 8 9 16 18 20 32 38 50 64 99
1 2 3 4 5 8 9 16 18 20 32 38 50 64 101
1 2 3 4 5 8 9 16 18 20 32 38 50 64 106
1 2 3 4 5 8 9 16 18 20 32 38 50 64 114
1 2 3 4 5 8 9 16 18 20 32 38 64 70 96
1 2 3 4 5 8 9 16 18 20 32 38 64 72 80
1 2 3 4 5 8 9 16 18 20 32 38 64 72 81
1 2 3 4 5 8 9 16 18 20 32 38 64 72 98
1 2 3 4 5 8 9 16 18 20 32 38 64 72 99
1 2 3 4 5 8 9 16 18 20 32 38 64 74 82
1 2 3 4 5 8 9 16 18 20 32 38 64 74 96
1 2 3 4 5 8 9 16 18 20 32 38 64 81 99
1 2 3 4 5 8 9 16 18 20 32 38 64 82 96
1 2 3 4 5 8 9 16 18 20 32 38 64 88 106
1 2 3 4 5 8 9 16 18 20 32 40 48 64 72
1 2 3 4 5 8 9 16 18 20 32 40 48 64 73
1 2 3 4 5 8 9 16 18 20 32 40 48 64 74
1 2 3 4 5 8 9 16 18 20 32 40 48 64 81
1 2 3 4 5 8 9 16 18 20 32 40 48 64 88
1 2 3 4 5 8 9 16 18 20 32 40 48 64 104
1 2 3 4 5 8 9 16 18 20 32 40 48 64 121
1 2 3 4 5 8 9 16 18 20 32 40 49 64 72
1 2 3 4 5 8 9 16 18 20 32 40 49 64 73
1 2 3 4 5 8 9 16 18 20 32 40 49 64 75
1 2 3 4 5 8 9 16 18 20 32 40 49 64 80
1 2 3 4 5 8 9 16 18 20 32 40 49 64 81
1 2 3 4 5 8 9 16 18 20 32 40 49 64 82
1 2 3 4 5 8 9 16 18 20 32 40 49 64 89
1 2 3 4 5 8 9 16 18 20 32 40 49 64 96
1 2 3 4 5 8 9 16 18 20 32 40 49 64 97
1 2 3 4 5 8 9 16 18 20 32 40 49 64 99
1 2 3 4 5 8 9 16 18 20 32 40 49 64 104
1 2 3 4 5 8 9 16 18 20 32 40 49 64 113
1 2 3 4 5 8 9 16 18 20 32 40 49 64 120
1 2 3 4 5 8 9 16 18 20 32 40 64 73 96
1 2 3 4 5 8 9 16 18 20 32 40 64 73 98
1 2 3 4 5 8 9 16 18 20 32 40 64 73 112
1 2 3 4 5 8 9 16 18 20 32 40 64 74 82
1 2 3 4 5 8 9 16 18 20 32 40 64 74 96
1 2 3 4 5 8 9 16 18 20 32 40 64 75 82
1 2 3 4 5 8 9 16 18 20 32 40 64 75 96
1 2 3 4 5 8 9 16 18 20 32 40 64 80 96
1 2 3 4 5 8 9 16 18 20 32 40 64 80 97
1 2 3 4 5 8 9 16 18 20 32 40 64 81 96
1 2 3 4 5 8 9 16 18 20 32 40 64 81 97
1 2 3 4 5 8 9 16 18 20 32 40 64 82 98
1 2 3 4 5 8 9 16 18 20 32 40 64 82 99
1 2 3 4 5 8 9 16 18 20 32 40 64 88 96
1 2 3 4 5 8 9 16 18 20 32 40 64 89 96
1 2 3 4 5 8 9 16 18 20 32 42 50 64 74
1 2 3 4 5 8 9 16 18 20 32 42 50 64 76
1 2 3 4 5 8 9 16 18 20 32 42 50 64 81
1 2 3 4 5 8 9 16 18 20 32 42 50 64 82
1 2 3 4 5 8 9 16 18 20 32 42 50 64 84
1 2 3 4 5 8 9 16 18 20 32 42 50 64 88
1 2 3 4 5 8 9 16 18 20 32 42 50 64 96
1 2 3 4 5 8 9 16 18 20 32 42 50 64 98
1 2 3 4 5 8 9 16 18 20 32 42 50 64 99
1 2 3 4 5 8 9 16 18 20 32 42 50 64 102
1 2 3 4 5 8 9 16 18 20 32 42 50 64 106
1 2 3 4 5 8 9 16 18 20 32 42 50 64 114
1 2 3 4 5 8 9 16 18 20 32 42 64 74 96
1 2 3 4 5 8 9 16 18 20 32 42 64 76 96
1 2 3 4 5 8 9 16 18 20 32 42 64 80 98
1 2 3 4 5 8 9 16 18 20 32 42 64 81 99
1 2 3 4 5 8 9 16 18 20 32 42 64 82 96
1 2 3 4 5 8 9 16 18 20 32 42 64 84 102
1 2 3 4 5 8 9 16 18 20 32 42 64 88 96
1 2 3 4 5 8 9 16 18 20 32 48 64 81 104
1 2 3 4 5 8 9 16 18 20 32 49 64 81 96
1 2 3 4 5 8 9 16 18 20 32 49 64 82 96
1 2 3 4 5 8 9 16 18 20 32 49 64 88 96
1 2 3 4 5 8 9 16 18 20 32 50 64 84 96
1 2 3 4 5 8 9 16 18 20 32 50 64 84 99
1 2 3 4 5 8 9 16 18 20 32 50 64 87 96
1 2 3 4 5 8 9 16 18 20 32 50 64 88 96
1 2 3 4 5 8 9 16 18 20 32 55 64 87 96
1 2 3 4 5 8 9 16 18 20 32 56 64 88 96
1 2 3 4 5 8 9 16 18 32 34 64 67 84 88
1 2 3 4 5 8 9 16 18 32 34 64 68 80 85
1 2 3 4 5 8 9 16 18 32 34 64 68 81 97
1 2 3 4 5 8 9 16 18 32 34 64 76 84 100
1 2 3 4 5 8 9 16 18 32 35 48 52 64 69
1 2 3 4 5 8 9 16 18 32 35 48 52 64 72
1 2 3 4 5 8 9 16 18 32 35 48 52 64 74
1 2 3 4 5 8 9 16 18 32 35 48 52 64 76
1 2 3 4 5 8 9 16 18 32 35 48 52 64 82
1 2 3 4 5 8 9 16 18 32 35 48 52 64 87
1 2 3 4 5 8 9 16 18 32 35 48 52 64 112
1 2 3 4 5 8 9 16 18 32 35 48 52 64 113
1 2 3 4 5 8 9 16 18 32 35 48 52 64 116
1 2 3 4 5 8 9 16 18 32 35 48 52 64 120
1 2 3 4 5 8 9 16 18 32 35 48 64 68 82
1 2 3 4 5 8 9 16 18 32 35 48 64 68 83
1 2 3 4 5 8 9 16 18 32 35 48 64 68 112
1 2 3 4 5 8 9 16 18 32 35 48 64 68 113
1 2 3 4 5 8 9 16 18 32 35 48 64 70 74
1 2 3 4 5 8 9 16 18 32 35 48 64 76 86
1 2 3 4 5 8 9 16 18 32 35 48 64 76 116
1 2 3 4 5 8 9 16 18 32 35 48 64 82 98
1 2 3 4 5 8 9 16 18 32 35 48 64 82 99
1 2 3 4 5 8 9 16 18 32 35 48 64 82 102
1 2 3 4 5 8 9 16 18 32 35 48 64 86 102
1 2 3 4 5 8 9 16 18 32 35 52 56 64 68
1 2 3 4 5 8 9 16 18 32 35 52 56 64 76
1 2 3 4 5 8 9 16 18 32 35 52 56 64 80
1 2 3 4 5 8 9 16 18 32 35 52 56 64 112
1 2 3 4 5 8 9 16 18 32 35 52 56 64 116
1 2 3 4 5 8 9 16 18 32 35 52 64 68 80
1 2 3 4 5 8 9 16 18 32 35 52 64 68 112
1 2 3 4 5 8 9 16 18 32 35 52 64 72 112
1 2 3 4 5 8 9 16 18 32 35 52 64 76 116
1 2 3 4 5 8 9 16 18 32 35 52 64 80 96
1 2 3 4 5 8 9 16 18 32 35 52 64 80 100
1 2 3 4 5 8 9 16 18 32 35 64 68 80 86
1 2 3 4 5 8 9 16 18 32 35 64 68 80 97
1 2 3 4 5 8 9 16 18 32 35 64 68 80 100
1 2 3 4 5 8 9 16 18 32 35 64 68 80 112
1 2 3 4 5 8 9 16 18 32 35 64 68 80 117
1 2 3 4 5 8 9 16 18 32 35 64 68 81 113
1 2 3 4 5 8 9 16 18 32 35 64 68 112 117
1 2 3 4 5 8 9 16 18 32 35 64 70 74 80
1 2 3 4 5 8 9 16 18 32 35 64 70 80 96
1 2 3 4 5 8 9 16 18 32 35 64 70 80 101
1 2 3 4 5 8 9 16 18 32 35 64 76 84 101
1 2 3 4 5 8 9 16 18 32 35 64 76 84 116
1 2 3 4 5 8 9 16 18 32 35 64 80 96 114
1 2 3 4 5 8 9 16 18 32 35 64 80 96 118
1 2 3 4 5 8 9 16 18 32 35 64 80 100 118
1 2 3 4 5 8 9 16 18 32 36 48 54 64 70
1 2 3 4 5 8 9 16 18 32 36 48 54 64 72
1 2 3 4 5 8 9 16 18 32 36 48 54 64 74
1 2 3 4 5 8 9 16 18 32 36 48 54 64 112
1 2 3 4 5 8 9 16 18 32 36 48 54 64 115
1 2 3 4 5 8 9 16 18 32 36 48 64 70 74
1 2 3 4 5 8 9 16 18 32 36 48 64 70 82
1 2 3 4 5 8 9 16 18 32 36 48 64 70 112
1 2 3 4 5 8 9 16 18 32 36 48 64 72 80
1 2 3 4 5 8 9 16 18 32 36 48 64 72 81
1 2 3 4 5 8 9 16 18 32 36 48 64 74 82
1 2 3 4 5 8 9 16 18 32 36 48 64 74 98
1 2 3 4 5 8 9 16 18 32 36 48 64 81 97
1 2 3 4 5 8 9 16 18 32 36 48 64 81 100
1 2 3 4 5 8 9 16 18 32 36 48 64 82 98
1 2 3 4 5 8 9 16 18 32 36 48 64 82 100
1 2 3 4 5 8 9 16 18 32 36 48 64 82 103
1 2 3 4 5 8 9 16 18 32 36 48 64 87 103
1 2 3 4 5 8 9 16 18 32 36 48 64 88 104
1 2 3 4 5 8 9 16 18 32 36 49 64 71 74
1 2 3 4 5 8 9 16 18 32 36 49 64 71 82
1 2 3 4 5 8 9 16 18 32 36 49 64 72 81
1 2 3 4 5 8 9 16 18 32 36 49 64 74 82
1 2 3 4 5 8 9 16 18 32 36 49 64 74 99
1 2 3 4 5 8 9 16 18 32 36 49 64 80 97
1 2 3 4 5 8 9 16 18 32 36 49 64 80 100
1 2 3 4 5 8 9 16 18 32 36 49 64 82 99
1 2 3 4 5 8 9 16 18 32 36 49 64 88 105
1 2 3 4 5 8 9 16 18 32 36 64 70 74 80
1 2 3 4 5 8 9 16 18 32 36 64 70 80 98
1 2 3 4 5 8 9 16 18 32 36 64 70 80 112
1 2 3 4 5 8 9 16 18 32 36 64 71 74 80
1 2 3 4 5 8 9 16 18 32 36 64 71 80 96
1 2 3 4 5 8 9 16 18 32 36 64 71 80 99
1 2 3 4 5 8 9 16 18 32 36 64 74 80 98
1 2 3 4 5 8 9 16 18 32 36 64 74 80 99
1 2 3 4 5 8 9 16 18 32 36 64 80 96 113
1 2 3 4 5 8 9 16 18 32 36 64 80 96 114
1 2 3 4 5 8 9 16 18 32 36 64 80 96 119
1 2 3 4 5 8 9 16 18 32 36 64 80 97 115
1 2 3 4 5 8 9 16 18 32 38 42 48 64 70
1 2 3 4 5 8 9 16 18 32 38 42 48 64 76
1 2 3 4 5 8 9 16 18 32 38 42 48 64 80
1 2 3 4 5 8 9 16 18 32 38 42 48 64 82
1 2 3 4 5 8 9 16 18 32 38 42 48 64 83
1 2 3 4 5 8 9 16 18 32 38 42 48 64 86
1 2 3 4 5 8 9 16 18 32 38 42 48 64 96
1 2 3 4 5 8 9 16 18 32 38 42 48 64 98
1 2 3 4 5 8 9 16 18 32 38 42 48 64 99
1 2 3 4 5 8 9 16 18 32 38 42 48 64 102
1 2 3 4 5 8 9 16 18 32 38 42 48 64 112
1 2 3 4 5 8 9 16 18 32 38 42 64 70 74
1 2 3 4 5 8 9 16 18 32 38 42 64 70 80
1 2 3 4 5 8 9 16 18 32 38 42 64 70 96
1 2 3 4 5 8 9 16 18 32 38 42 64 76 84
1 2 3 4 5 8 9 16 18 32 38 42 64 76 102
1 2 3 4 5 8 9 16 18 32 38 42 64 80 96
1 2 3 4 5 8 9 16 18 32 38 42 64 80 98
1 2 3 4 5 8 9 16 18 32 38 42 64 81 99
1 2 3 4 5 8 9 16 18 32 38 42 64 84 102
1 2 3 4 5 8 9 16 18 32 38 48 64 70 96
1 2 3 4 5 8 9 16 18 32 38 48 64 74 80
1 2 3 4 5 8 9 16 18 32 38 48 64 74 96
1 2 3 4 5 8 9 16 18 32 38 48 64 76 86
1 2 3 4 5 8 9 16 18 32 38 48 64 76 102
1 2 3 4 5 8 9 16 18 32 38 48 64 82 98
1 2 3 4 5 8 9 16 18 32 38 48 64 82 102
1 2 3 4 5 8 9 16 18 32 38 48 64 83 99
1 2 3 4 5 8 9 16 18 32 38 48 64 86 102
1 2 3 4 5 8 9 16 18 32 38 48 64 90 106
1 2 3 4 5 8 9 16 18 32 38 64 74 96 108
1 2 3 4 5 8 9 16 18 32 38 64 76 84 96
1 2 3 4 5 8 9 16 18 32 38 64 80 96 114
1 2 3 4 5 8 9 16 18 32 38 64 80 96 118
1 2 3 4 5 8 9 16 18 32 44 52 64 76 84
1 2 3 4 5 8 9 16 18 32 44 52 64 76 96
1 2 3 4 5 8 9 16 18 32 44 52 64 80 100
1 2 3 4 5 8 9 16 18 32 44 52 64 81 101
1 2 3 4 5 8 9 16 18 32 44 52 64 82 101
1 2 3 4 5 8 9 16 18 32 44 52 64 82 102
1 2 3 4 5 8 9 16 18 32 44 52 64 84 96
1 2 3 4 5 8 9 16 18 32 44 64 80 100 117
1 2 3 4 5 8 9 16 18 32 44 64 80 100 118
1 2 3 4 5 8 9 16 18 32 44 64 84 96 120
1 2 3 4 5 8 9 16 22 26 32 38 42 64 70
1 2 3 4 5 8 9 16 22 26 32 38 42 64 80
1 2 3 4 5 8 9 16 22 26 32 38 42 64 82
1 2 3 4 5 8 9 16 22 26 32 38 42 64 112
1 2 3 4 5 8 9 16 22 26 32 38 48 64 70
1 2 3 4 5 8 9 16 22 26 32 38 48 64 74
1 2 3 4 5 8 9 16 22 26 32 38 48 64 80
1 2 3 4 5 8 9 16 22 26 32 38 48 64 82
1 2 3 4 5 8 9 16 22 26 32 38 48 64 90
1 2 3 4 5 8 9 16 22 26 32 38 48 64 96
1 2 3 4 5 8 9 16 22 26 32 38 48 64 98
1 2 3 4 5 8 9 16 22 26 32 38 48 64 106
1 2 3 4 5 8 9 16 22 26 32 38 48 64 112
1 2 3 4 5 8 9 16 22 26 32 38 64 70 96
1 2 3 4 5 8 9 16 22 26 32 38 64 74 96
1 2 3 4 5 8 9 16 22 26 32 38 64 80 96
1 2 3 4 5 8 9 16 22 26 32 38 64 82 98
1 2 3 4 5 8 9 16 22 26 32 38 64 90 106
1 2 3 4 5 8 9 16 22 26 32 48 64 82 96
1 2 3 4 5 8 9 16 22 26 32 48 64 86 96
1 2 3 4 5 8 9 16 22 26 32 50 64 82 96
1 2 3 4 5 8 9 16 22 26 32 50 64 83 96
1 2 3 4 5 8 9 16 22 32 38 48 64 70 80
1 2 3 4 5 8 9 16 22 32 38 48 64 74 80
1 2 3 4 5 8 9 16 22 32 38 48 64 90 106
1 2 3 4 5 8 9 16 22 32 38 64 74 80 92
1 2 3 4 5 8 9 16 22 32 38 64 74 80 96
1 2 3 4 5 8 9 16 22 32 38 64 80 96 118
1 2 3 4 5 8 9 16 22 32 42 48 60 64 80
1 2 3 4 5 8 9 16 22 32 42 48 64 76 86
1 2 3 4 5 8 9 16 22 32 42 48 64 76 112
1 2 3 4 5 8 9 16 22 32 42 48 64 82 98
1 2 3 4 5 8 9 16 22 32 42 48 64 86 102
1 2 3 4 5 8 9 16 22 32 42 48 64 86 106
1 2 3 4 5 8 9 16 22 32 42 64 80 96 118
1 2 3 4 5 8 10 12 15 16 32 48 64 80 97
1 2 3 4 5 8 10 12 15 16 32 48 64 81 98
1 2 3 4 5 8 10 12 16 19 21 25 32 64 97
1 2 3 4 5 8 10 12 16 19 21 25 32 64 102
1 2 3 4 5 8 10 12 16 19 21 31 32 64 97
1 2 3 4 5 8 10 12 16 19 21 31 32 64 98
1 2 3 4 5 8 10 12 16 19 21 32 38 64 70
1 2 3 4 5 8 10 12 16 19 21 32 38 64 73
1 2 3 4 5 8 10 12 16 19 21 32 38 64 74
1 2 3 4 5 8 10 12 16 19 21 32 38 64 89
1 2 3 4 5 8 10 12 16 19 21 32 38 64 96
1 2 3 4 5 8 10 12 16 19 21 32 38 64 98
1 2 3 4 5 8 10 12 16 19 21 32 38 64 106
1 2 3 4 5 8 10 12 16 19 21 32 41 64 73
1 2 3 4 5 8 10 12 16 19 21 32 41 64 74
1 2 3 4 5 8 10 12 16 19 21 32 41 64 81
1 2 3 4 5 8 10 12 16 19 21 32 41 64 83
1 2 3 4 5 8 10 12 16 19 21 32 41 64 89
1 2 3 4 5 8 10 12 16 19 21 32 41 64 96
1 2 3 4 5 8 10 12 16 19 21 32 41 64 97
1 2 3 4 5 8 10 12 16 19 21 32 41 64 99
1 2 3 4 5 8 10 12 16 19 21 32 41 64 112
1 2 3 4 5 8 10 12 16 19 21 32 42 64 76
1 2 3 4 5 8 10 12 16 19 21 32 42 64 83
1 2 3 4 5 8 10 12 16 19 21 32 42 64 85
1 2 3 4 5 8 10 12 16 19 21 32 42 64 89
1 2 3 4 5 8 10 12 16 19 21 32 42 64 95
1 2 3 4 5 8 10 12 16 19 21 32 42 64 96
1 2 3 4 5 8 10 12 16 19 21 32 42 64 98
1 2 3 4 5 8 10 12 16 19 21 32 42 64 99
1 2 3 4 5 8 10 12 16 19 21 32 42 64 102
1 2 3 4 5 8 10 12 16 19 21 32 42 64 115
1 2 3 4 5 8 10 12 16 19 21 32 42 64 117
1 2 3 4 5 8 10 12 16 19 21 32 57 64 89
1 2 3 4 5 8 10 12 16 19 21 32 57 64 96
1 2 3 4 5 8 10 12 16 19 21 32 57 64 104
1 2 3 4 5 8 10 12 16 19 21 32 57 64 106
1 2 3 4 5 8 10 12 16 19 21 32 63 64 95
1 2 3 4 5 8 10 12 16 19 21 32 63 64 96
1 2 3 4 5 8 10 12 16 19 21 32 63 64 106
1 2 3 4 5 8 10 12 16 19 28 32 37 64 74
1 2 3 4 5 8 10 12 16 19 28 32 37 64 79
1 2 3 4 5 8 10 12 16 19 28 32 37 64 83
1 2 3 4 5 8 10 12 16 19 28 32 37 64 86
1 2 3 4 5 8 10 12 16 19 28 32 37 64 96
1 2 3 4 5 8 10 12 16 19 28 32 37 64 97
1 2 3 4 5 8 10 12 16 19 28 32 37 64 106
1 2 3 4 5 8 10 12 16 19 28 32 37 64 115
1 2 3 4 5 8 10 12 16 19 28 32 47 64 79
1 2 3 4 5 8 10 12 16 19 28 32 47 64 83
1 2 3 4 5 8 10 12 16 19 28 32 47 64 96
1 2 3 4 5 8 10 12 16 19 28 32 47 64 99
1 2 3 4 5 8 10 12 16 19 28 32 47 64 101
1 2 3 4 5 8 10 12 16 19 28 32 47 64 115
1 2 3 4 5 8 10 12 16 19 28 32 51 64 86
1 2 3 4 5 8 10 12 16 19 28 32 51 64 92
1 2 3 4 5 8 10 12 16 19 28 32 51 64 96
1 2 3 4 5 8 10 12 16 19 28 32 51 64 99
1 2 3 4 5 8 10 12 16 19 28 32 51 64 101
1 2 3 4 5 8 10 12 16 19 28 32 51 64 111
1 2 3 4 5 8 10 12 16 19 28 32 54 64 86
1 2 3 4 5 8 10 12 16 19 28 32 54 64 96
1 2 3 4 5 8 10 12 16 19 28 32 54 64 101
1 2 3 4 5 8 10 12 16 19 32 37 48 64 70
1 2 3 4 5 8 10 12 16 19 32 37 48 64 73
1 2 3 4 5 8 10 12 16 19 32 37 48 64 74
1 2 3 4 5 8 10 12 16 19 32 37 48 64 81
1 2 3 4 5 8 10 12 16 19 32 37 48 64 83
1 2 3 4 5 8 10 12 16 19 32 37 48 64 85
1 2 3 4 5 8 10 12 16 19 32 37 48 64 89
1 2 3 4 5 8 10 12 16 19 32 37 48 64 95
1 2 3 4 5 8 10 12 16 19 32 37 48 64 112
1 2 3 4 5 8 10 12 16 19 32 37 48 64 118
1 2 3 4 5 8 10 12 16 19 32 37 48 64 122
1 2 3 4 5 8 10 12 16 19 32 37 57 64 74
1 2 3 4 5 8 10 12 16 19 32 37 57 64 80
1 2 3 4 5 8 10 12 16 19 32 37 57 64 83
1 2 3 4 5 8 10 12 16 19 32 37 57 64 89
1 2 3 4 5 8 10 12 16 19 32 37 57 64 92
1 2 3 4 5 8 10 12 16 19 32 37 57 64 115
1 2 3 4 5 8 10 12 16 19 32 37 57 64 121
1 2 3 4 5 8 10 12 16 19 32 37 64 70 80
1 2 3 4 5 8 10 12 16 19 32 37 64 70 112
1 2 3 4 5 8 10 12 16 19 32 37 64 73 80
1 2 3 4 5 8 10 12 16 19 32 37 64 74 96
1 2 3 4 5 8 10 12 16 19 32 37 64 74 99
1 2 3 4 5 8 10 12 16 19 32 37 64 74 112
1 2 3 4 5 8 10 12 16 19 32 37 64 79 80
1 2 3 4 5 8 10 12 16 19 32 37 64 80 96
1 2 3 4 5 8 10 12 16 19 32 37 64 80 99
1 2 3 4 5 8 10 12 16 19 32 37 64 80 105
1 2 3 4 5 8 10 12 16 19 32 37 64 80 106
1 2 3 4 5 8 10 12 16 19 32 37 64 81 97
1 2 3 4 5 8 10 12 16 19 32 37 64 89 105
1 2 3 4 5 8 10 12 16 19 32 37 64 92 106
1 2 3 4 5 8 10 12 16 19 32 38 48 64 70
1 2 3 4 5 8 10 12 16 19 32 38 48 64 73
1 2 3 4 5 8 10 12 16 19 32 38 48 64 76
1 2 3 4 5 8 10 12 16 19 32 38 48 64 82
1 2 3 4 5 8 10 12 16 19 32 38 48 64 83
1 2 3 4 5 8 10 12 16 19 32 38 48 64 86
1 2 3 4 5 8 10 12 16 19 32 38 48 64 90
1 2 3 4 5 8 10 12 16 19 32 38 48 64 96
1 2 3 4 5 8 10 12 16 19 32 38 48 64 98
1 2 3 4 5 8 10 12 16 19 32 38 48 64 99
1 2 3 4 5 8 10 12 16 19 32 38 48 64 102
1 2 3 4 5 8 10 12 16 19 32 38 48 64 106
1 2 3 4 5 8 10 12 16 19 32 38 48 64 108
1 2 3 4 5 8 10 12 16 19 32 38 48 64 112
1 2 3 4 5 8 10 12 16 19 32 38 48 64 117
1 2 3 4 5 8 10 12 16 19 32 38 64 70 96
1 2 3 4 5 8 10 12 16 19 32 38 64 73 99
1 2 3 4 5 8 10 12 16 19 32 38 64 76 85
1 2 3 4 5 8 10 12 16 19 32 38 64 80 96
1 2 3 4 5 8 10 12 16 19 32 38 64 80 99
1 2 3 4 5 8 10 12 16 19 32 38 64 81 98
1 2 3 4 5 8 10 12 16 19 32 38 64 85 96
1 2 3 4 5 8 10 12 16 19 32 38 64 89 106
1 2 3 4 5 8 10 12 16 19 32 44 48 64 79
1 2 3 4 5 8 10 12 16 19 32 44 48 64 83
1 2 3 4 5 8 10 12 16 19 32 44 48 64 86
1 2 3 4 5 8 10 12 16 19 32 44 48 64 92
1 2 3 4 5 8 10 12 16 19 32 44 48 64 112
1 2 3 4 5 8 10 12 16 19 32 44 48 64 117
1 2 3 4 5 8 10 12 16 19 32 44 48 64 127
1 2 3 4 5 8 10 12 16 19 32 44 53 64 80
1 2 3 4 5 8 10 12 16 19 32 44 53 64 81
1 2 3 4 5 8 10 12 16 19 32 44 53 64 85
1 2 3 4 5 8 10 12 16 19 32 44 53 64 112
1 2 3 4 5 8 10 12 16 19 32 44 53 64 117
1 2 3 4 5 8 10 12 16 19 32 44 64 79 80
1 2 3 4 5 8 10 12 16 19 32 44 64 79 112
1 2 3 4 5 8 10 12 16 19 32 44 64 80 96
1 2 3 4 5 8 10 12 16 19 32 44 64 80 99
1 2 3 4 5 8 10 12 16 19 32 44 64 80 101
1 2 3 4 5 8 10 12 16 19 32 44 64 81 100
1 2 3 4 5 8 10 12 16 19 32 44 64 85 102
1 2 3 4 5 8 10 12 16 19 32 47 48 64 79
1 2 3 4 5 8 10 12 16 19 32 47 48 64 83
1 2 3 4 5 8 10 12 16 19 32 47 48 64 95
1 2 3 4 5 8 10 12 16 19 32 47 48 64 96
1 2 3 4 5 8 10 12 16 19 32 47 48 64 99
1 2 3 4 5 8 10 12 16 19 32 47 48 64 101
1 2 3 4 5 8 10 12 16 19 32 47 48 64 111
1 2 3 4 5 8 10 12 16 19 32 47 48 64 112
1 2 3 4 5 8 10 12 16 19 32 47 48 64 124
1 2 3 4 5 8 10 12 16 19 32 47 64 79 96
1 2 3 4 5 8 10 12 16 19 32 47 64 80 96
1 2 3 4 5 8 10 12 16 19 32 47 64 80 99
1 2 3 4 5 8 10 12 16 19 32 47 64 92 96
1 2 3 4 5 8 10 12 16 19 32 48 64 81 96
1 2 3 4 5 8 10 12 16 19 32 48 64 83 96
1 2 3 4 5 8 10 12 16 19 32 48 64 83 97
1 2 3 4 5 8 10 12 16 19 32 48 64 83 101
1 2 3 4 5 8 10 12 16 19 32 48 64 83 108
1 2 3 4 5 8 10 12 16 19 32 48 64 85 96
1 2 3 4 5 8 10 12 16 19 32 48 64 86 96
1 2 3 4 5 8 10 12 16 19 32 48 64 86 106
1 2 3 4 5 8 10 12 16 19 32 48 64 92 96
1 2 3 4 5 8 10 12 16 19 32 48 64 95 96
1 2 3 4 5 8 10 12 16 19 32 48 64 95 101
1 2 3 4 5 8 10 12 16 19 32 49 64 81 96
1 2 3 4 5 8 10 12 16 19 32 49 64 85 96
1 2 3 4 5 8 10 12 16 19 32 53 64 85 96
1 2 3 4 5 8 10 12 16 19 32 53 64 89 96
1 2 3 4 5 8 10 12 16 19 32 53 64 95 96
1 2 3 4 5 8 10 12 16 19 32 60 64 92 96
1 2 3 4 5 8 10 12 16 22 32 38 48 64 70
1 2 3 4 5 8 10 12 16 22 32 38 48 64 73
1 2 3 4 5 8 10 12 16 22 32 38 48 64 80
1 2 3 4 5 8 10 12 16 22 32 38 48 64 82
1 2 3 4 5 8 10 12 16 22 32 38 48 64 83
1 2 3 4 5 8 10 12 16 22 32 38 64 73 83
1 2 3 4 5 8 10 12 16 22 32 38 64 80 96
1 2 3 4 5 8 10 12 16 22 32 38 64 82 98
1 2 3 4 5 8 10 12 16 22 32 38 64 83 99
1 2 3 4 5 8 10 12 16 22 32 41 51 64 80
1 2 3 4 5 8 10 12 16 22 32 41 51 64 82
1 2 3 4 5 8 10 12 16 22 32 41 51 64 83
1 2 3 4 5 8 10 12 16 22 32 41 51 64 115
1 2 3 4 5 8 10 12 16 22 32 41 64 80 99
1 2 3 4 5 8 10 12 16 22 32 41 64 82 97
1 2 3 4 5 8 10 12 16 22 32 48 64 82 96
1 2 3 4 5 8 10 12 16 22 32 48 64 83 96
1 2 3 4 5 8 10 12 16 22 32 48 64 86 96
1 2 3 4 5 8 10 12 16 22 32 48 64 86 98
1 2 3 4 5 8 10 12 16 22 32 48 64 86 99
1 2 3 4 5 8 10 12 16 22 32 50 64 82 96
1 2 3 4 5 8 10 12 16 22 32 50 64 83 96
1 2 3 4 5 8 10 12 16 22 32 51 64 83 96
1 2 3 4 5 8 10 12 16 22 32 51 64 90 96
1 2 3 4 5 8 10 12 16 31 32 47 48 64 79
1 2 3 4 5 8 10 12 16 31 32 47 48 64 80
1 2 3 4 5 8 10 12 16 31 32 47 48 64 83
1 2 3 4 5 8 10 12 16 31 32 47 64 80 96
1 2 3 4 5 8 10 12 16 31 32 47 64 83 99
1 2 3 4 5 8 10 12 16 31 32 48 64 83 96
1 2 3 4 5 8 10 12 16 31 32 48 64 95 96
1 2 3 4 5 8 10 12 16 31 32 48 64 95 99
1 2 3 4 5 8 10 12 16 31 32 51 64 83 96
1 2 3 4 5 8 10 16 19 28 32 36 40 64 69
1 2 3 4 5 8 10 16 19 28 32 36 40 64 76
1 2 3 4 5 8 10 16 19 28 32 36 40 64 79
1 2 3 4 5 8 10 16 19 28 32 36 40 64 80
1 2 3 4 5 8 10 16 19 28 32 36 40 64 83
1 2 3 4 5 8 10 16 19 28 32 36 40 64 86
1 2 3 4 5 8 10 16 19 28 32 36 40 64 92
1 2 3 4 5 8 10 16 19 28 32 36 40 64 100
1 2 3 4 5 8 10 16 19 28 32 36 40 64 116
1 2 3 4 5 8 10 16 19 28 32 36 56 64 69
1 2 3 4 5 8 10 16 19 28 32 36 56 64 72
1 2 3 4 5 8 10 16 19 28 32 36 56 64 74
1 2 3 4 5 8 10 16 19 28 32 36 56 64 79
1 2 3 4 5 8 10 16 19 28 32 36 56 64 88
1 2 3 4 5 8 10 16 19 28 32 36 56 64 89
1 2 3 4 5 8 10 16 19 28 32 36 56 64 92
1 2 3 4 5 8 10 16 19 28 32 36 56 64 96
1 2 3 4 5 8 10 16 19 28 32 36 56 64 97
1 2 3 4 5 8 10 16 19 28 32 36 56 64 104
1 2 3 4 5 8 10 16 19 28 32 36 56 64 120
1 2 3 4 5 8 10 16 19 28 32 36 64 72 96
1 2 3 4 5 8 10 16 19 28 32 36 64 72 112
1 2 3 4 5 8 10 16 19 28 32 36 64 76 96
1 2 3 4 5 8 10 16 19 28 32 36 64 88 96
1 2 3 4 5 8 10 16 19 28 32 36 64 89 97
1 2 3 4 5 8 10 16 19 28 32 36 64 92 96
1 2 3 4 5 8 10 16 19 28 32 36 64 92 104
1 2 3 4 5 8 10 16 19 28 32 44 64 76 96
1 2 3 4 5 8 10 16 19 28 32 44 64 79 96
1 2 3 4 5 8 10 16 19 28 32 44 64 92 96
1 2 3 4 5 8 10 16 19 32 36 40 49 64 69
1 2 3 4 5 8 10 16 19 32 36 40 49 64 70
1 2 3 4 5 8 10 16 19 32 36 40 49 64 76
1 2 3 4 5 8 10 16 19 32 36 40 49 64 80
1 2 3 4 5 8 10 16 19 32 36 40 49 64 81
1 2 3 4 5 8 10 16 19 32 36 40 49 64 85
1 2 3 4 5 8 10 16 19 32 36 40 49 64 97
1 2 3 4 5 8 10 16 19 32 36 40 49 64 100
1 2 3 4 5 8 10 16 19 32 36 40 49 64 113
1 2 3 4 5 8 10 16 19 32 36 40 49 64 116
1 2 3 4 5 8 10 16 19 32 36 40 52 64 69
1 2 3 4 5 8 10 16 19 32 36 40 52 64 74
1 2 3 4 5 8 10 16 19 32 36 40 52 64 79
1 2 3 4 5 8 10 16 19 32 36 40 52 64 89
1 2 3 4 5 8 10 16 19 32 36 40 52 64 98
1 2 3 4 5 8 10 16 19 32 36 40 52 64 123
1 2 3 4 5 8 10 16 19 32 36 40 61 64 69
1 2 3 4 5 8 10 16 19 32 36 40 61 64 80
1 2 3 4 5 8 10 16 19 32 36 40 61 64 85
1 2 3 4 5 8 10 16 19 32 36 40 61 64 100
1 2 3 4 5 8 10 16 19 32 36 40 61 64 109
1 2 3 4 5 8 10 16 19 32 36 40 61 64 119
1 2 3 4 5 8 10 16 19 32 36 40 61 64 125
1 2 3 4 5 8 10 16 19 32 36 40 64 69 80
1 2 3 4 5 8 10 16 19 32 36 40 64 69 89
1 2 3 4 5 8 10 16 19 32 36 40 64 69 120
1 2 3 4 5 8 10 16 19 32 36 40 64 70 80
1 2 3 4 5 8 10 16 19 32 36 40 64 76 80
1 2 3 4 5 8 10 16 19 32 36 40 64 76 85
1 2 3 4 5 8 10 16 19 32 36 40 64 79 80
1 2 3 4 5 8 10 16 19 32 36 40 64 79 116
1 2 3 4 5 8 10 16 19 32 36 40 64 80 97
1 2 3 4 5 8 10 16 19 32 36 40 64 80 100
1 2 3 4 5 8 10 16 19 32 36 40 64 80 103
1 2 3 4 5 8 10 16 19 32 36 40 64 80 109
1 2 3 4 5 8 10 16 19 32 36 40 64 85 98
1 2 3 4 5 8 10 16 19 32 36 40 64 85 100
1 2 3 4 5 8 10 16 19 32 36 40 64 85 104
1 2 3 4 5 8 10 16 19 32 36 40 64 85 110
1 2 3 4 5 8 10 16 19 32 36 41 57 64 69
1 2 3 4 5 8 10 16 19 32 36 41 57 64 72
1 2 3 4 5 8 10 16 19 32 36 41 57 64 77
1 2 3 4 5 8 10 16 19 32 36 41 57 64 96
1 2 3 4 5 8 10 16 19 32 36 41 57 64 97
1 2 3 4 5 8 10 16 19 32 36 41 57 64 100
1 2 3 4 5 8 10 16 19 32 36 41 57 64 108
1 2 3 4 5 8 10 16 19 32 36 41 64 69 81
1 2 3 4 5 8 10 16 19 32 36 41 64 71 74
1 2 3 4 5 8 10 16 19 32 36 41 64 71 80
1 2 3 4 5 8 10 16 19 32 36 41 64 71 99
1 2 3 4 5 8 10 16 19 32 36 41 64 72 97
1 2 3 4 5 8 10 16 19 32 36 41 64 72 100
1 2 3 4 5 8 10 16 19 32 36 41 64 73 80
1 2 3 4 5 8 10 16 19 32 36 41 64 73 96
1 2 3 4 5 8 10 16 19 32 36 41 64 74 96
1 2 3 4 5 8 10 16 19 32 36 41 64 74 99
1 2 3 4 5 8 10 16 19 32 36 41 64 74 112
1 2 3 4 5 8 10 16 19 32 36 41 64 77 84
1 2 3 4 5 8 10 16 19 32 36 41 64 77 100
1 2 3 4 5 8 10 16 19 32 36 41 64 80 96
1 2 3 4 5 8 10 16 19 32 36 41 64 80 99
1 2 3 4 5 8 10 16 19 32 36 41 64 80 105
1 2 3 4 5 8 10 16 19 32 36 41 64 80 106
1 2 3 4 5 8 10 16 19 32 36 41 64 81 97
1 2 3 4 5 8 10 16 19 32 36 41 64 84 100
1 2 3 4 5 8 10 16 19 32 36 41 64 89 96
1 2 3 4 5 8 10 16 19 32 36 41 64 89 105
1 2 3 4 5 8 10 16 19 32 36 56 61 64 72
1 2 3 4 5 8 10 16 19 32 36 56 61 64 88
1 2 3 4 5 8 10 16 19 32 36 56 61 64 104
1 2 3 4 5 8 10 16 19 32 36 56 64 69 89
1 2 3 4 5 8 10 16 19 32 36 56 64 69 107
1 2 3 4 5 8 10 16 19 32 36 56 64 69 120
1 2 3 4 5 8 10 16 19 32 36 56 64 72 96
1 2 3 4 5 8 10 16 19 32 36 56 64 72 112
1 2 3 4 5 8 10 16 19 32 36 56 64 74 86
1 2 3 4 5 8 10 16 19 32 36 56 64 74 97
1 2 3 4 5 8 10 16 19 32 36 56 64 74 100
1 2 3 4 5 8 10 16 19 32 36 56 64 74 114
1 2 3 4 5 8 10 16 19 32 36 56 64 74 119
1 2 3 4 5 8 10 16 19 32 36 56 64 79 100
1 2 3 4 5 8 10 16 19 32 36 56 64 79 119
1 2 3 4 5 8 10 16 19 32 36 56 64 88 96
1 2 3 4 5 8 10 16 19 32 36 56 64 89 97
1 2 3 4 5 8 10 16 19 32 36 56 64 89 100
1 2 3 4 5 8 10 16 19 32 36 56 64 92 100
1 2 3 4 5 8 10 16 19 32 36 64 70 96 104
1 2 3 4 5 8 10 16 19 32 36 64 72 96 111
1 2 3 4 5 8 10 16 19 32 36 64 72 96 112
1 2 3 4 5 8 10 16 19 32 36 64 72 96 117
1 2 3 4 5 8 10 16 19 32 36 64 72 96 124
1 2 3 4 5 8 10 16 19 32 36 64 72 97 113
1 2 3 4 5 8 10 16 19 32 36 64 72 97 120
1 2 3 4 5 8 10 16 19 32 36 64 72 112 127
1 2 3 4 5 8 10 16 19 32 36 64 76 85 96
1 2 3 4 5 8 10 16 19 32 36 64 76 85 104
1 2 3 4 5 8 10 16 19 32 36 64 77 96 121
1 2 3 4 5 8 10 16 19 32 36 64 88 96 121
1 2 3 4 5 8 10 16 19 32 36 64 88 96 124
1 2 3 4 5 8 10 16 19 32 38 64 76 85 96
1 2 3 4 5 8 10 16 19 32 44 53 64 76 85
1 2 3 4 5 8 10 16 19 32 44 53 64 76 96
1 2 3 4 5 8 10 16 19 32 44 64 85 96 121
1 2 3 4 5 8 10 16 20 24 32 38 64 70 96
1 2 3 4 5 8 10 16 20 24 32 38 64 73 99
1 2 3 4 5 8 10 16 20 24 32 38 64 76 96
1 2 3 4 5 8 10 16 20 24 32 38 64 94 96
1 2 3 4 5 8 10 16 20 24 32 47 64 79 96
1 2 3 4 5 8 10 16 20 24 32 47 64 87 96
1 2 3 4 5 8 10 16 20 25 32 39 42 64 71
1 2 3 4 5 8 10 16 20 25 32 39 42 64 77
1 2 3 4 5 8 10 16 20 25 32 39 42 64 80
1 2 3 4 5 8 10 16 20 25 32 39 42 64 81
1 2 3 4 5 8 10 16 20 25 32 39 42 64 83
1 2 3 4 5 8 10 16 20 25 32 39 42 64 84
1 2 3 4 5 8 10 16 20 25 32 39 42 64 89
1 2 3 4 5 8 10 16 20 25 32 39 42 64 115
1 2 3 4 5 8 10 16 20 25 32 39 64 71 96
1 2 3 4 5 8 10 16 20 25 32 39 64 72 81
1 2 3 4 5 8 10 16 20 25 32 39 64 72 98
1 2 3 4 5 8 10 16 20 25 32 39 64 73 99
1 2 3 4 5 8 10 16 20 25 32 39 64 74 83
1 2 3 4 5 8 10 16 20 25 32 39 64 74 96
1 2 3 4 5 8 10 16 20 25 32 39 64 77 96
1 2 3 4 5 8 10 16 20 25 32 39 64 89 106
1 2 3 4 5 8 10 16 20 25 32 40 49 64 73
1 2 3 4 5 8 10 16 20 25 32 40 49 64 77
1 2 3 4 5 8 10 16 20 25 32 40 49 64 80
1 2 3 4 5 8 10 16 20 25 32 40 49 64 81
1 2 3 4 5 8 10 16 20 25 32 40 49 64 83
1 2 3 4 5 8 10 16 20 25 32 40 49 64 84
1 2 3 4 5 8 10 16 20 25 32 40 49 64 90
1 2 3 4 5 8 10 16 20 25 32 40 49 64 101
1 2 3 4 5 8 10 16 20 25 32 40 49 64 116
1 2 3 4 5 8 10 16 20 25 32 40 52 64 73
1 2 3 4 5 8 10 16 20 25 32 40 52 64 83
1 2 3 4 5 8 10 16 20 25 32 40 52 64 89
1 2 3 4 5 8 10 16 20 25 32 40 52 64 90
1 2 3 4 5 8 10 16 20 25 32 40 64 73 96
1 2 3 4 5 8 10 16 20 25 32 40 64 77 84
1 2 3 4 5 8 10 16 20 25 32 40 64 77 96
1 2 3 4 5 8 10 16 20 25 32 40 64 80 97
1 2 3 4 5 8 10 16 20 25 32 40 64 81 96
1 2 3 4 5 8 10 16 20 25 32 40 64 83 98
1 2 3 4 5 8 10 16 20 25 32 40 64 84 96
1 2 3 4 5 8 10 16 20 25 32 40 64 84 101
1 2 3 4 5 8 10 16 20 25 32 40 64 89 96
1 2 3 4 5 8 10 16 20 25 32 40 64 89 101
1 2 3 4 5 8 10 16 20 25 32 40 64 92 96
1 2 3 4 5 8 10 16 20 25 32 41 64 73 96
1 2 3 4 5 8 10 16 20 25 32 41 64 74 83
1 2 3 4 5 8 10 16 20 25 32 41 64 74 96
1 2 3 4 5 8 10 16 20 25 32 41 64 77 84
1 2 3 4 5 8 10 16 20 25 32 41 64 77 96
1 2 3 4 5 8 10 16 20 25 32 41 64 81 97
1 2 3 4 5 8 10 16 20 25 32 41 64 83 99
1 2 3 4 5 8 10 16 20 25 32 41 64 84 100
1 2 3 4 5 8 10 16 20 25 32 41 64 89 96
1 2 3 4 5 8 10 16 20 25 32 42 51 64 77
1 2 3 4 5 8 10 16 20 25 32 42 51 64 84
1 2 3 4 5 8 10 16 20 25 32 42 51 64 92
1 2 3 4 5 8 10 16 20 25 32 42 51 64 103
1 2 3 4 5 8 10 16 20 25 32 42 64 77 96
1 2 3 4 5 8 10 16 20 25 32 42 64 83 96
1 2 3 4 5 8 10 16 20 25 32 42 64 84 103
1 2 3 4 5 8 10 16 20 25 32 42 64 89 96
1 2 3 4 5 8 10 16 20 25 32 42 64 89 99
1 2 3 4 5 8 10 16 20 25 32 42 64 90 96
1 2 3 4 5 8 10 16 20 25 32 45 64 77 96
1 2 3 4 5 8 10 16 20 25 32 45 64 83 103
1 2 3 4 5 8 10 16 20 25 32 45 64 89 96
1 2 3 4 5 8 10 16 20 25 32 57 64 90 96
1 2 3 4 5 8 10 16 20 25 32 58 64 90 96
1 2 3 4 5 8 10 16 20 32 38 56 64 70 88
1 2 3 4 5 8 10 16 20 32 38 56 64 70 96
1 2 3 4 5 8 10 16 20 32 38 56 64 72 80
1 2 3 4 5 8 10 16 20 32 38 56 64 72 96
1 2 3 4 5 8 10 16 20 32 38 56 64 72 112
1 2 3 4 5 8 10 16 20 32 38 56 64 88 96
1 2 3 4 5 8 10 16 20 32 38 64 72 80 98
1 2 3 4 5 8 10 16 20 32 38 64 72 80 122
1 2 3 4 5 8 10 16 20 32 38 64 72 82 96
1 2 3 4 5 8 10 16 20 32 38 64 72 82 114
1 2 3 4 5 8 10 16 20 32 38 64 72 96 112
1 2 3 4 5 8 10 16 20 32 38 64 72 96 122
1 2 3 4 5 8 10 16 20 32 38 64 72 98 114
1 2 3 4 5 8 10 16 20 32 38 64 73 81 99
1 2 3 4 5 8 10 16 20 32 38 64 88 96 126
1 2 3 4 5 8 10 16 20 32 39 64 72 81 98
1 2 3 4 5 8 10 16 20 32 39 64 72 83 96
1 2 3 4 5 8 10 16 20 32 40 48 63 64 79
1 2 3 4 5 8 10 16 20 32 40 48 63 64 127
1 2 3 4 5 8 10 16 20 32 40 48 64 79 115
1 2 3 4 5 8 10 16 20 32 40 48 64 94 109
1 2 3 4 5 8 10 16 20 32 40 49 64 77 101
1 2 3 4 5 8 10 16 20 32 40 49 64 81 96
1 2 3 4 5 8 10 16 20 32 40 49 64 83 98
1 2 3 4 5 8 10 16 20 32 40 49 64 83 104
1 2 3 4 5 8 10 16 20 32 40 49 64 89 104
1 2 3 4 5 8 10 16 20 32 40 49 64 90 104
1 2 3 4 5 8 10 16 20 32 40 49 64 90 107
1 2 3 4 5 8 10 16 20 32 40 51 64 79 84
1 2 3 4 5 8 10 16 20 32 40 51 64 79 115
1 2 3 4 5 8 10 16 20 32 40 51 64 81 98
1 2 3 4 5 8 10 16 20 32 40 51 64 81 104
1 2 3 4 5 8 10 16 20 32 40 51 64 84 103
1 2 3 4 5 8 10 16 20 32 40 51 64 84 104
1 2 3 4 5 8 10 16 20 32 40 51 64 84 109
1 2 3 4 5 8 10 16 20 32 40 51 64 94 109
1 2 3 4 5 8 10 16 20 32 40 64 79 83 115
1 2 3 4 5 8 10 16 20 32 40 64 80 99 125
1 2 3 4 5 8 10 16 20 32 41 49 64 73 81
1 2 3 4 5 8 10 16 20 32 41 49 64 73 96
1 2 3 4 5 8 10 16 20 32 41 49 64 76 101
1 2 3 4 5 8 10 16 20 32 41 49 64 88 105
1 2 3 4 5 8 10 16 20 32 41 64 81 96 120
1 2 3 4 5 8 10 16 20 32 45 51 64 77 83
1 2 3 4 5 8 10 16 20 32 45 51 64 77 96
1 2 3 4 5 8 10 16 20 32 45 51 64 94 109
1 2 3 4 5 8 10 16 20 32 45 64 83 96 126
1 2 3 4 5 8 10 16 22 32 38 48 64 73 83
1 2 3 4 5 8 10 16 22 32 38 48 64 76 80
1 2 3 4 5 8 10 16 22 32 38 64 73 83 99
1 2 3 4 5 8 10 16 22 32 38 64 76 80 96
1 2 3 4 5 8 10 16 22 32 41 51 64 76 86
1 2 3 4 5 8 10 16 22 32 41 51 64 80 99
1 2 3 4 5 8 10 16 22 32 41 51 64 82 97
1 2 3 4 5 8 10 16 22 32 41 51 64 86 101
1 2 3 4 5 8 10 16 22 32 41 64 76 80 101
1 2 3 4 5 8 10 16 22 32 41 64 80 99 117
1 2 3 4 5 8 10 16 22 32 44 48 64 76 80
1 2 3 4 5 8 10 16 22 32 44 48 64 76 96
1 2 3 4 5 8 10 16 22 32 44 48 64 84 100
1 2 3 4 5 8 10 16 22 32 44 48 64 85 101
1 2 3 4 5 8 10 16 22 32 44 48 64 86 108
1 2 3 4 5 8 10 16 22 32 44 48 64 92 108
1 2 3 4 5 8 10 16 22 32 44 64 80 96 118
1 2 3 4 5 8 10 16 22 32 44 64 80 96 124
1 2 3 4 5 8 10 16 28 32 44 64 79 80 96
1 2 3 4 5 8 10 16 28 32 47 48 64 92 111
1 2 3 4 5 8 10 16 28 32 47 64 80 96 124
1 2 3 4 5 8 14 16 22 24 32 38 64 70 96
1 2 3 4 5 8 14 16 22 24 32 38 64 74 98
1 2 3 4 5 8 14 16 22 24 32 42 64 74 96
1 2 3 4 5 8 14 16 22 24 32 42 64 75 96
1 2 3 4 5 8 14 16 22 24 32 42 64 83 97
1 2 3 4 5 8 14 16 22 32 38 64 74 82 98
1 2 3 4 5 8 14 16 22 32 40 48 64 74 82
1 2 3 4 5 8 14 16 22 32 40 64 74 82 98
1 2 3 4 5 8 14 16 22 32 40 64 78 98 112
1 2 3 4 5 8 14 16 22 32 42 50 64 74 82
1 2 3 4 5 8 14 16 22 32 42 50 64 75 83
1 2 3 4 5 8 14 16 22 32 42 50 64 75 97
1 2 3 4 5 8 14 16 22 32 42 50 64 88 106
1 2 3 4 5 8 14 16 22 32 42 64 82 96 120
1 2 3 4 5 8 14 16 24 32 40 64 78 82 98
1 2 3 4 5 8 14 16 24 32 42 48 64 78 100
1 2 3 4 5 8 14 16 26 32 42 64 75 80 96
1 2 3 4 5 8 14 16 26 32 43 48 64 88 104
1 2 3 4 8 12 16 21 26 32 37 42 64 69 74
1 2 3 4 8 12 16 21 26 32 37 64 74 96 111
1 2 4 7 8 11 16 19 32 35 64 69 73 81 97
1 2 4 7 8 11 16 19 32 37 41 49 64 69 73
