12
7
2
361
1 2 3 4 5 6 8 9 16 32 64 113
1 2 3 4 5 6 8 9 16 32 64 114
1 2 3 4 5 6 8 9 16 32 64 118
1 2 3 4 5 6 8 9 16 32 64 120
1 2 3 4 5 6 8 9 16 32 64 122
1 2 3 4 5 6 8 16 24 32 64 105
1 2 3 4 5 6 8 16 25 32 64 97
1 2 3 4 5 6 8 16 25 32 64 98
1 2 3 4 5 6 8 16 25 32 64 102
1 2 3 4 5 6 8 16 25 32 64 104
1 2 3 4 5 6 8 16 25 32 64 105
1 2 3 4 5 6 8 16 25 32 64 106
1 2 3 4 5 6 8 16 32 56 64 89
1 2 3 4 5 6 8 16 32 57 64 90
1 2 3 4 5 8 9 16 17 32 64 97
1 2 3 4 5 8 9 16 17 32 64 98
1 2 3 4 5 8 9 16 17 32 64 102
1 2 3 4 5 8 9 16 18 32 64 97
1 2 3 4 5 8 9 16 18 32 64 98
1 2 3 4 5 8 9 16 18 32 64 99
1 2 3 4 5 8 9 16 18 32 64 100
1 2 3 4 5 8 9 16 18 32 64 102
1 2 3 4 5 8 9 16 18 32 64 108
1 2 3 4 5 8 9 16 18 32 64 112
1 2 3 4 5 8 9 16 18 32 64 113
1 2 3 4 5 8 9 16 18 32 64 116
1 2 3 4 5 8 9 16 22 32 64 97
1 2 3 4 5 8 9 16 22 32 64 98
1 2 3 4 5 8 9 16 22 32 64 102
1 2 3 4 5 8 9 16 22 32 64 104
1 2 3 4 5 8 9 16 22 32 64 106
1 2 3 4 5 8 9 16 22 32 64 112
1 2 3 4 5 8 9 16 22 32 64 114
1 2 3 4 5 8 9 16 22 32 64 122
1 2 3 4 5 8 9 16 32 48 64 81
1 2 3 4 5 8 9 16 32 48 64 82
1 2 3 4 5 8 9 16 32 48 64 86
1 2 3 4 5 8 9 16 32 49 64 81
1 2 3 4 5 8 9 16 32 49 64 82
1 2 3 4 5 8 9 16 32 50 64 82
1 2 3 4 5 8 9 16 32 50 64 83
1 2 3 4 5 8 9 16 32 50 64 84
1 2 3 4 5 8 9 16 32 50 64 86
1 2 3 4 5 8 9 16 32 54 64 86
1 2 3 4 5 8 9 16 32 54 64 90
1 2 3 4 5 8 10 12 16 32 64 113
1 2 3 4 5 8 10 12 16 32 64 115
1 2 3 4 5 8 10 12 16 32 64 118
1 2 3 4 5 8 10 12 16 32 64 127
1 2 3 4 5 8 10 16 19 32 64 97
1 2 3 4 5 8 10 16 19 32 64 100
1 2 3 4 5 8 10 16 19 32 64 102
1 2 3 4 5 8 10 16 19 32 64 108
1 2 3 4 5 8 10 16 19 32 64 124
1 2 3 4 5 8 10 16 20 32 64 97
1 2 3 4 5 8 10 16 20 32 64 98
1 2 3 4 5 8 10 16 20 32 64 99
1 2 3 4 5 8 10 16 20 32 64 102
1 2 3 4 5 8 10 16 20 32 64 103
1 2 3 4 5 8 10 16 20 32 64 104
1 2 3 4 5 8 10 16 20 32 64 105
1 2 3 4 5 8 10 16 20 32 64 108
1 2 3 4 5 8 10 16 20 32 64 109
1 2 3 4 5 8 10 16 20 32 64 120
1 2 3 4 5 8 10 16 20 32 64 121
1 2 3 4 5 8 10 16 22 32 64 97
1 2 3 4 5 8 10 16 22 32 64 98
1 2 3 4 5 8 10 16 22 32 64 99
1 2 3 4 5 8 10 16 22 32 64 100
1 2 3 4 5 8 10 16 22 32 64 101
1 2 3 4 5 8 10 16 22 32 64 102
1 2 3 4 5 8 10 16 22 32 64 104
1 2 3 4 5 8 10 16 22 32 64 105
1 2 3 4 5 8 10 16 22 32 64 108
1 2 3 4 5 8 10 16 22 32 64 112
1 2 3 4 5 8 10 16 22 32 64 114
1 2 3 4 5 8 10 16 22 32 64 115
1 2 3 4 5 8 10 16 22 32 64 120
1 2 3 4 5 8 10 16 28 32 64 97
1 2 3 4 5 8 10 16 28 32 64 99
1 2 3 4 5 8 10 16 28 32 64 100
1 2 3 4 5 8 10 16 28 32 64 101
1 2 3 4 5 8 10 16 28 32 64 102
1 2 3 4 5 8 10 16 28 32 64 108
1 2 3 4 5 8 10 16 28 32 64 111
1 2 3 4 5 8 10 16 28 32 64 112
1 2 3 4 5 8 10 16 28 32 64 115
1 2 3 4 5 8 10 16 28 32 64 116
1 2 3 4 5 8 10 16 28 32 64 117
1 2 3 4 5 8 10 16 32 48 64 81
1 2 3 4 5 8 10 16 32 48 64 83
1 2 3 4 5 8 10 16 32 48 64 84
1 2 3 4 5 8 10 16 32 48 64 86
1 2 3 4 5 8 10 16 32 48 64 92
1 2 3 4 5 8 10 16 32 49 64 81
1 2 3 4 5 8 10 16 32 49 64 82
1 2 3 4 5 8 10 16 32 49 64 83
1 2 3 4 5 8 10 16 32 49 64 84
1 2 3 4 5 8 10 16 32 49 64 88
1 2 3 4 5 8 10 16 32 49 64 89
1 2 3 4 5 8 10 16 32 51 64 83
1 2 3 4 5 8 10 16 32 51 64 84
1 2 3 4 5 8 10 16 32 51 64 86
1 2 3 4 5 8 10 16 32 51 64 92
1 2 3 4 5 8 10 16 32 52 64 84
1 2 3 4 5 8 10 16 32 52 64 85
1 2 3 4 5 8 10 16 32 52 64 86
1 2 3 4 5 8 10 16 32 52 64 87
1 2 3 4 5 8 10 16 32 52 64 88
1 2 3 4 5 8 10 16 32 52 64 89
1 2 3 4 5 8 10 16 32 52 64 92
1 2 3 4 5 8 10 16 32 52 64 93
1 2 3 4 5 8 10 16 32 54 64 86
1 2 3 4 5 8 10 16 32 54 64 92
1 2 3 4 5 8 10 16 32 60 64 92
1 2 3 4 5 8 10 16 32 60 64 95
1 2 3 4 5 8 14 16 22 32 64 97
1 2 3 4 5 8 14 16 22 32 64 98
1 2 3 4 5 8 14 16 22 32 64 102
1 2 3 4 5 8 14 16 22 32 64 104
1 2 3 4 5 8 14 16 22 32 64 106
1 2 3 4 5 8 14 16 22 32 64 120
1 2 3 4 5 8 14 16 24 32 64 97
1 2 3 4 5 8 14 16 24 32 64 98
1 2 3 4 5 8 14 16 24 32 64 102
1 2 3 4 5 8 14 16 24 32 64 104
1 2 3 4 5 8 14 16 24 32 64 106
1 2 3 4 5 8 14 16 24 32 64 110
1 2 3 4 5 8 14 16 24 32 64 112
1 2 3 4 5 8 14 16 24 32 64 114
1 2 3 4 5 8 14 16 24 32 64 118
1 2 3 4 5 8 14 16 26 32 64 97
1 2 3 4 5 8 14 16 26 32 64 98
1 2 3 4 5 8 14 16 26 32 64 99
1 2 3 4 5 8 14 16 26 32 64 102
1 2 3 4 5 8 14 16 26 32 64 104
1 2 3 4 5 8 14 16 26 32 64 106
1 2 3 4 5 8 14 16 26 32 64 107
1 2 3 4 5 8 14 16 26 32 64 109
1 2 3 4 5 8 14 16 26 32 64 112
1 2 3 4 5 8 14 16 26 32 64 113
1 2 3 4 5 8 14 16 26 32 64 114
1 2 3 4 5 8 14 16 32 48 64 81
1 2 3 4 5 8 14 16 32 48 64 82
1 2 3 4 5 8 14 16 32 48 64 86
1 2 3 4 5 8 14 16 32 48 64 88
1 2 3 4 5 8 14 16 32 48 64 90
1 2 3 4 5 8 14 16 32 49 64 81
1 2 3 4 5 8 14 16 32 49 64 82
1 2 3 4 5 8 14 16 32 49 64 90
1 2 3 4 5 8 14 16 32 50 64 82
1 2 3 4 5 8 14 16 32 50 64 83
1 2 3 4 5 8 14 16 32 50 64 84
1 2 3 4 5 8 14 16 32 50 64 86
1 2 3 4 5 8 14 16 32 50 64 88
1 2 3 4 5 8 14 16 32 50 64 90
1 2 3 4 5 8 14 16 32 54 64 86
1 2 3 4 5 8 14 16 32 54 64 88
1 2 3 4 5 8 14 16 32 56 64 88
1 2 3 4 5 8 14 16 32 56 64 90
1 2 3 4 5 8 14 16 32 56 64 94
1 2 3 4 5 8 14 16 32 58 64 90
1 2 3 4 5 8 14 16 32 58 64 91
1 2 3 4 5 8 16 24 32 40 64 73
1 2 3 4 5 8 16 24 32 40 64 74
1 2 3 4 5 8 16 24 32 40 64 78
1 2 3 4 5 8 16 24 32 40 64 82
1 2 3 4 5 8 16 24 32 40 64 86
1 2 3 4 5 8 16 24 32 40 64 118
1 2 3 4 5 8 16 24 32 41 64 73
1 2 3 4 5 8 16 24 32 41 64 74
1 2 3 4 5 8 16 24 32 41 64 81
1 2 3 4 5 8 16 24 32 41 64 82
1 2 3 4 5 8 16 24 32 41 64 96
1 2 3 4 5 8 16 24 32 41 64 97
1 2 3 4 5 8 16 24 32 41 64 98
1 2 3 4 5 8 16 24 32 41 64 112
1 2 3 4 5 8 16 24 32 41 64 114
1 2 3 4 5 8 16 24 32 42 64 74
1 2 3 4 5 8 16 24 32 42 64 75
1 2 3 4 5 8 16 24 32 42 64 76
1 2 3 4 5 8 16 24 32 42 64 78
1 2 3 4 5 8 16 24 32 42 64 82
1 2 3 4 5 8 16 24 32 42 64 83
1 2 3 4 5 8 16 24 32 42 64 84
1 2 3 4 5 8 16 24 32 42 64 86
1 2 3 4 5 8 16 24 32 42 64 96
1 2 3 4 5 8 16 24 32 42 64 97
1 2 3 4 5 8 16 24 32 42 64 98
1 2 3 4 5 8 16 24 32 42 64 99
1 2 3 4 5 8 16 24 32 42 64 100
1 2 3 4 5 8 16 24 32 42 64 102
1 2 3 4 5 8 16 24 32 42 64 112
1 2 3 4 5 8 16 24 32 42 64 113
1 2 3 4 5 8 16 24 32 42 64 116
1 2 3 4 5 8 16 24 32 46 64 78
1 2 3 4 5 8 16 24 32 46 64 86
1 2 3 4 5 8 16 24 32 46 64 96
1 2 3 4 5 8 16 24 32 46 64 98
1 2 3 4 5 8 16 24 32 46 64 102
1 2 3 4 5 8 16 24 32 46 64 112
1 2 3 4 5 8 16 24 32 46 64 114
1 2 3 4 5 8 16 25 32 41 64 73
1 2 3 4 5 8 16 25 32 41 64 74
1 2 3 4 5 8 16 25 32 41 64 81
1 2 3 4 5 8 16 25 32 41 64 82
1 2 3 4 5 8 16 25 32 41 64 112
1 2 3 4 5 8 16 25 32 42 64 74
1 2 3 4 5 8 16 25 32 42 64 76
1 2 3 4 5 8 16 25 32 42 64 83
1 2 3 4 5 8 16 25 32 42 64 84
1 2 3 4 5 8 16 25 32 42 64 98
1 2 3 4 5 8 16 25 32 42 64 99
1 2 3 4 5 8 16 25 32 42 64 102
1 2 3 4 5 8 16 25 32 42 64 112
1 2 3 4 5 8 16 26 32 42 64 74
1 2 3 4 5 8 16 26 32 42 64 75
1 2 3 4 5 8 16 26 32 42 64 76
1 2 3 4 5 8 16 26 32 42 64 78
1 2 3 4 5 8 16 26 32 42 64 82
1 2 3 4 5 8 16 26 32 42 64 83
1 2 3 4 5 8 16 26 32 42 64 84
1 2 3 4 5 8 16 26 32 42 64 86
1 2 3 4 5 8 16 26 32 42 64 112
1 2 3 4 5 8 16 26 32 43 64 78
1 2 3 4 5 8 16 26 32 43 64 84
1 2 3 4 5 8 16 26 32 43 64 112
1 2 3 4 5 8 16 26 32 43 64 116
1 2 3 4 5 8 16 26 32 44 64 79
1 2 3 4 5 8 16 26 32 44 64 85
1 2 3 4 5 8 16 26 32 44 64 86
1 2 3 4 5 8 16 26 32 44 64 112
1 2 3 4 5 8 16 26 32 44 64 115
1 2 3 4 5 8 16 26 32 46 64 78
1 2 3 4 5 8 16 26 32 46 64 99
1 2 3 4 5 8 16 26 32 46 64 100
1 2 3 4 5 8 16 26 32 46 64 101
1 2 3 4 5 8 16 26 32 46 64 102
1 2 3 4 5 8 16 26 32 46 64 112
1 2 3 4 5 8 16 30 32 46 64 78
1 2 3 4 5 8 16 30 32 46 64 86
1 2 3 4 5 8 16 30 32 46 64 112
1 2 3 4 8 12 16 21 26 32 64 97
1 2 3 4 8 12 16 21 26 32 64 101
1 2 3 4 8 12 16 21 26 32 64 112
1 2 3 4 8 12 16 21 26 32 64 113
1 2 3 4 8 12 16 21 32 37 64 69
1 2 3 4 8 12 16 21 32 37 64 70
1 2 3 4 8 12 16 21 32 37 64 74
1 2 3 4 8 12 16 21 32 37 64 80
1 2 3 4 8 12 16 21 32 37 64 81
1 2 3 4 8 12 16 21 32 37 64 82
1 2 3 4 8 12 16 21 32 37 64 90
1 2 3 4 8 12 16 21 32 37 64 112
1 2 3 4 8 12 16 21 32 38 64 73
1 2 3 4 8 12 16 21 32 38 64 80
1 2 3 4 8 12 16 21 32 38 64 81
1 2 3 4 8 12 16 21 32 38 64 83
1 2 3 4 8 12 16 21 32 38 64 88
1 2 3 4 8 12 16 21 32 38 64 112
1 2 3 4 8 12 16 21 32 42 64 79
1 2 3 4 8 12 16 21 32 42 64 80
1 2 3 4 8 12 16 21 32 42 64 81
1 2 3 4 8 12 16 21 32 42 64 83
1 2 3 4 8 12 16 21 32 42 64 90
1 2 3 4 8 12 16 21 32 42 64 112
1 2 3 4 8 12 16 21 32 42 64 115
1 2 3 4 8 12 16 21 32 48 64 85
1 2 3 4 8 12 16 21 32 48 64 86
1 2 3 4 8 12 16 21 32 48 64 90
1 2 3 4 8 12 16 21 32 48 64 106
1 2 3 4 8 12 16 21 32 49 64 81
1 2 3 4 8 12 16 21 32 49 64 82
1 2 3 4 8 12 16 21 32 49 64 84
1 2 3 4 8 12 16 21 32 49 64 86
1 2 3 4 8 12 16 21 32 49 64 90
1 2 3 4 8 12 16 21 32 49 64 96
1 2 3 4 8 12 16 21 32 49 64 97
1 2 3 4 8 12 16 21 32 49 64 98
1 2 3 4 8 12 16 21 32 50 64 82
1 2 3 4 8 12 16 21 32 50 64 86
1 2 3 4 8 12 16 21 32 50 64 88
1 2 3 4 8 12 16 21 32 50 64 89
1 2 3 4 8 12 16 21 32 50 64 90
1 2 3 4 8 12 16 21 32 50 64 96
1 2 3 4 8 12 16 21 32 50 64 98
1 2 3 4 8 12 16 21 32 50 64 99
1 2 3 4 8 12 16 21 32 50 64 100
1 2 3 4 8 12 16 21 32 50 64 103
1 2 3 4 8 12 16 21 32 50 64 104
1 2 3 4 8 12 16 21 32 50 64 107
1 2 3 4 8 12 16 21 32 58 64 90
1 2 3 4 8 12 16 21 32 58 64 96
1 2 3 4 8 12 16 21 32 58 64 98
1 2 3 4 8 12 16 21 32 58 64 106
1 2 3 4 8 12 16 32 48 64 85 106
1 2 3 4 8 12 16 32 49 64 81 100
1 2 3 4 8 12 16 32 49 64 82 100
1 2 3 4 8 12 16 32 49 64 84 106
1 2 3 4 8 13 16 21 32 37 64 69
1 2 3 4 8 13 16 21 32 37 64 70
1 2 3 4 8 13 16 21 32 37 64 73
1 2 3 4 8 13 16 21 32 37 64 74
1 2 3 4 8 13 16 21 32 37 64 88
1 2 3 4 8 13 16 21 32 38 64 70
1 2 3 4 8 13 16 21 32 38 64 73
1 2 3 4 8 13 16 21 32 38 64 75
1 2 3 4 8 13 16 21 32 38 64 88
1 2 3 4 8 13 16 21 32 38 64 98
1 2 3 4 8 13 16 21 32 38 64 99
1 2 3 4 8 13 16 21 32 38 64 104
1 2 3 4 8 13 16 21 32 41 64 81
1 2 3 4 8 13 16 21 32 41 64 82
1 2 3 4 8 13 16 21 32 41 64 88
1 2 3 4 8 13 16 21 32 41 64 113
1 2 3 4 8 13 16 21 32 42 64 78
1 2 3 4 8 13 16 21 32 42 64 82
1 2 3 4 8 13 16 21 32 42 64 88
1 2 3 4 8 13 16 21 32 42 64 98
1 2 3 4 8 13 16 21 32 42 64 99
1 2 3 4 8 13 16 21 32 42 64 100
1 2 3 4 8 13 16 21 32 42 64 103
1 2 3 4 8 13 16 21 32 42 64 114
1 2 3 4 8 13 16 21 32 56 64 88
1 2 3 4 8 13 16 21 32 56 64 104
1 2 3 4 8 13 16 21 32 56 64 105
1 2 3 4 8 13 16 21 32 56 64 106
1 2 3 4 8 13 16 22 32 43 64 83
1 2 3 4 8 13 16 22 32 43 64 91
1 2 3 4 8 13 16 22 32 43 64 112
1 2 3 4 8 13 16 22 32 56 64 88
1 2 3 4 8 13 16 22 32 56 64 91
1 2 3 4 8 13 16 22 32 56 64 99
1 2 3 4 8 13 16 22 32 56 64 104
1 2 3 4 8 13 16 22 32 56 64 108
1 2 3 4 8 13 16 22 32 56 64 109
1 2 3 4 8 13 16 32 49 64 84 104
1 2 3 4 8 13 16 32 50 64 84 104
1 2 3 4 8 16 28 32 44 64 84 101
1 2 3 4 8 16 28 32 44 64 85 102
1 2 4 7 8 11 16 19 32 35 64 67
1 2 4 7 8 11 16 19 32 35 64 69
1 2 4 7 8 11 16 19 32 37 64 69
1 2 4 7 8 11 16 19 32 37 64 73
1 2 4 7 8 11 16 19 32 37 64 88
1 2 4 7 8 11 16 19 32 37 64 97
1 2 4 7 8 11 16 19 32 37 64 105
1 2 4 7 8 11 16 21 25 32 64 97
1 2 4 7 8 11 16 21 25 32 64 99
1 2 4 7 8 11 16 21 25 32 64 127
1 2 4 7 8 11 16 21 32 41 64 76
1 2 4 7 8 11 16 21 32 41 64 79
1 2 4 7 8 11 16 21 32 41 64 81
1 2 4 7 8 11 16 21 32 41 64 89
1 2 4 7 8 11 16 21 32 41 64 112
1 2 4 7 8 11 16 21 32 57 64 89
1 2 4 7 8 11 16 21 32 57 64 95
1 2 4 7 8 11 16 21 32 57 64 104
1 2 4 7 8 11 16 32 49 64 82 100
1 2 4 7 8 16 25 32 42 64 84 103
1 2 4 7 8 16 25 32 43 64 85 103
