14
6
2
78
1 2 3 4 5 6 8 9 10 12 16 17 32 33
1 2 3 4 5 6 8 9 10 12 16 17 32 34
1 2 3 4 5 6 8 9 10 12 16 17 32 38
1 2 3 4 5 6 8 9 10 12 16 17 32 48
1 2 3 4 5 6 8 9 10 12 16 17 32 50
1 2 3 4 5 6 8 9 10 16 17 18 32 33
1 2 3 4 5 6 8 9 10 16 17 18 32 36
1 2 3 4 5 6 8 9 10 16 17 18 32 44
1 2 3 4 5 6 8 9 10 16 17 20 32 33
1 2 3 4 5 6 8 9 10 16 17 20 32 34
1 2 3 4 5 6 8 9 10 16 17 20 32 38
1 2 3 4 5 6 8 9 10 16 17 20 32 40
1 2 3 4 5 6 8 9 10 16 17 20 32 42
1 2 3 4 5 6 8 9 10 16 17 20 32 44
1 2 3 4 5 6 8 9 10 16 17 20 32 56
1 2 3 4 5 6 8 9 10 16 17 32 33 48
1 2 3 4 5 6 8 9 10 16 17 32 34 48
1 2 3 4 5 6 8 9 10 16 17 32 36 40
1 2 3 4 5 6 8 9 10 16 17 32 36 48
1 2 3 4 5 6 8 9 10 16 17 32 38 42
1 2 3 4 5 6 8 9 10 16 17 32 38 50
1 2 3 4 5 6 8 9 10 16 17 32 44 52
1 2 3 4 5 6 8 9 10 16 20 24 32 36
1 2 3 4 5 6 8 9 10 16 20 24 32 37
1 2 3 4 5 6 8 9 10 16 20 24 32 44
1 2 3 4 5 6 8 9 10 16 20 24 32 48
1 2 3 4 5 6 8 9 10 16 20 24 32 49
1 2 3 4 5 6 8 9 10 16 20 24 32 52
1 2 3 4 5 6 8 9 10 16 20 32 36 48
1 2 3 4 5 6 8 9 10 16 20 32 37 48
1 2 3 4 5 6 8 9 10 16 20 32 40 48
1 2 3 4 5 6 8 9 10 16 20 32 41 49
1 2 3 4 5 6 8 9 10 16 20 32 44 48
1 2 3 4 5 6 8 9 10 16 28 32 44 48
1 2 3 4 5 6 8 9 16 17 24 32 34 40
1 2 3 4 5 6 8 9 16 17 24 32 38 42
1 2 3 4 5 6 8 9 16 17 32 34 40 43
1 2 3 4 5 6 8 9 16 17 32 34 40 48
1 2 3 4 5 6 8 9 16 17 32 38 42 50
1 2 3 4 5 6 8 9 16 17 32 40 48 57
1 2 3 4 5 6 8 9 16 18 24 27 32 36
1 2 3 4 5 6 8 9 16 18 24 27 32 40
1 2 3 4 5 6 8 9 16 18 24 32 35 41
1 2 3 4 5 6 8 9 16 18 24 32 35 56
1 2 3 4 5 6 8 9 16 18 24 32 36 40
1 2 3 4 5 6 8 9 16 18 24 32 37 41
1 2 3 4 5 6 8 9 16 18 24 32 37 49
1 2 3 4 5 6 8 9 16 18 24 32 40 48
1 2 3 4 5 6 8 9 16 18 24 32 41 49
1 2 3 4 5 6 8 9 16 18 24 32 41 50
1 2 3 4 5 6 8 9 16 18 24 32 44 52
1 2 3 4 5 6 8 9 16 18 32 40 48 57
1 2 3 4 5 6 8 9 16 22 26 32 40 50
1 2 3 4 5 6 8 9 16 22 32 40 50 59
1 2 3 4 5 8 9 16 17 32 34 36 40 48
1 2 3 4 5 8 9 16 18 20 23 32 34 40
1 2 3 4 5 8 9 16 18 20 24 32 34 36
1 2 3 4 5 8 9 16 18 20 24 32 35 37
1 2 3 4 5 8 9 16 18 20 24 32 35 49
1 2 3 4 5 8 9 16 18 20 24 32 38 42
1 2 3 4 5 8 9 16 18 20 32 35 37 49
1 2 3 4 5 8 9 16 18 20 32 35 37 55
1 2 3 4 5 8 9 16 18 20 32 35 40 49
1 2 3 4 5 8 9 16 18 20 32 35 49 52
1 2 3 4 5 8 9 16 18 20 32 38 42 50
1 2 3 4 5 8 9 16 18 20 32 40 48 57
1 2 3 4 5 8 9 16 22 26 32 38 42 48
1 2 3 4 5 8 10 12 16 19 21 25 32 38
1 2 3 4 5 8 10 12 16 19 21 32 38 42
1 2 3 4 5 8 10 12 16 19 21 32 42 51
1 2 3 4 5 8 10 12 16 19 21 32 42 53
1 2 3 4 5 8 10 12 16 19 28 32 37 42
1 2 3 4 5 8 10 12 16 19 28 32 37 51
1 2 3 4 5 8 10 12 16 19 28 32 47 51
1 2 3 4 5 8 10 12 16 19 32 37 48 58
1 2 3 4 5 8 10 12 16 19 32 44 48 63
1 2 3 4 5 8 10 16 19 32 36 40 52 59
1 2 3 4 5 8 10 16 20 25 32 39 42 51
