12
8
2
290
1 2 4 8 12 16 32 48 64 128 171 192
1 2 4 8 14 16 32 48 64 128 173 192
1 2 4 8 16 32 38 56 64 128 149 192
1 2 4 8 16 32 38 56 64 128 181 192
1 2 4 8 16 32 43 48 64 128 140 192
1 2 4 8 16 32 45 48 64 128 142 192
1 2 4 8 11 16 32 48 64 128 172 192
1 2 4 8 16 32 53 56 64 128 166 192
1 2 4 8 16 32 35 56 64 128 180 192
1 2 4 8 16 32 48 64 99 128 140 192
1 2 4 8 16 32 48 64 107 128 140 192
1 2 4 8 16 32 48 64 109 128 142 192
1 2 4 8 16 32 48 64 71 128 168 192
1 2 4 8 16 32 48 64 75 128 172 192
1 2 4 8 16 32 48 64 87 128 168 192
1 2 4 8 16 32 48 64 83 128 172 192
1 2 4 8 16 32 48 64 95 128 168 192
1 2 4 8 16 32 48 64 91 128 172 192
1 2 4 8 16 32 48 64 93 128 174 192
1 2 4 8 16 32 56 64 85 128 166 192
1 2 4 8 16 32 56 64 67 128 180 192
1 2 4 8 16 32 48 64 103 128 168 192
1 2 4 8 16 32 48 64 99 128 172 192
1 2 4 8 16 32 48 64 107 128 172 192
1 2 4 8 16 32 56 64 117 128 166 192
1 2 4 8 16 32 56 64 99 128 180 192
1 2 4 8 16 32 56 64 115 128 180 192
1 2 4 8 16 32 56 64 117 128 182 192
1 2 4 8 16 32 48 64 128 140 163 192
1 2 4 8 16 32 48 64 128 140 171 192
1 2 4 8 16 32 48 64 128 135 168 192
1 2 4 8 16 32 48 64 128 139 172 192
1 2 4 8 16 32 56 64 128 149 166 192
1 2 4 8 16 32 56 64 128 131 180 192
1 2 4 8 16 32 48 64 128 167 168 192
1 2 4 8 16 32 48 64 128 163 172 192
1 2 4 8 16 32 48 64 128 171 172 192
1 2 4 8 16 32 56 64 128 166 181 192
1 2 4 8 16 32 56 64 128 163 180 192
1 2 4 8 16 32 56 64 128 179 180 192
1 2 4 8 16 32 56 64 128 181 182 192
1 2 4 8 16 24 32 64 128 163 212 224
1 2 4 8 16 24 32 64 128 198 213 224
1 2 4 8 16 24 32 64 128 195 212 224
1 2 4 8 16 28 32 64 128 217 218 224
1 2 4 8 14 16 32 45 64 128 176 192
1 2 4 8 11 16 32 44 64 128 176 192
1 2 4 8 16 32 35 44 64 128 176 192
1 2 4 8 16 32 43 44 64 128 176 192
1 2 4 8 16 24 32 64 87 128 160 192
1 2 4 8 16 28 32 64 83 128 160 192
1 2 4 8 16 28 32 64 91 128 160 192
1 2 4 8 16 24 32 64 119 128 160 192
1 2 4 8 16 28 32 64 115 128 160 192
1 2 4 8 16 28 32 64 123 128 160 192
1 2 4 8 14 16 32 64 109 128 176 192
1 2 4 8 16 32 44 64 75 128 176 192
1 2 4 8 16 32 40 64 87 128 176 192
1 2 4 8 16 32 44 64 83 128 176 192
1 2 4 8 16 32 44 64 91 128 176 192
1 2 4 8 16 32 46 64 93 128 176 192
1 2 4 8 16 32 44 64 99 128 176 192
1 2 4 8 16 32 44 64 107 128 176 192
1 2 4 8 16 32 52 64 107 128 184 192
1 2 4 8 16 32 54 64 117 128 184 192
1 2 4 8 16 23 32 64 88 128 160 192
1 2 4 8 16 27 32 64 92 128 160 192
1 2 4 8 16 32 47 64 80 128 160 192
1 2 4 8 16 32 39 64 88 128 160 192
1 2 4 8 16 32 63 64 80 128 160 192
1 2 4 8 16 32 55 64 88 128 160 192
1 2 4 8 16 32 51 64 92 128 160 192
1 2 4 8 16 32 59 64 92 128 160 192
1 2 4 8 16 32 35 64 76 128 176 192
1 2 4 8 16 32 43 64 76 128 176 192
1 2 4 8 16 32 45 64 78 128 176 192
1 2 4 8 16 31 32 64 112 128 160 192
1 2 4 8 16 23 32 64 120 128 160 192
1 2 4 8 16 27 32 64 124 128 160 192
1 2 4 8 11 16 32 64 108 128 176 192
1 2 4 8 16 23 32 64 104 128 176 192
1 2 4 8 16 31 32 64 104 128 176 192
1 2 4 8 16 27 32 64 108 128 176 192
1 2 4 8 16 32 39 64 104 128 176 192
1 2 4 8 16 32 43 64 108 128 176 192
1 2 4 8 16 32 35 64 116 128 184 192
1 2 4 8 16 32 43 64 116 128 184 192
1 2 4 8 16 32 51 64 116 128 184 192
1 2 4 8 16 21 32 64 70 128 152 224
1 2 4 8 16 32 39 64 72 128 144 224
1 2 4 8 16 32 35 64 76 128 144 224
1 2 4 8 16 32 43 64 76 128 144 224
1 2 4 8 16 32 45 64 78 128 144 224
1 2 4 8 16 32 53 64 70 128 152 224
1 2 4 8 16 32 35 64 84 128 152 224
1 2 4 8 16 32 43 64 84 128 152 224
1 2 4 8 16 32 47 64 84 128 152 224
1 2 4 8 16 32 45 64 86 128 152 224
1 2 4 8 16 32 64 71 88 128 160 192
1 2 4 8 16 32 64 87 88 128 160 192
1 2 4 8 16 32 64 83 92 128 160 192
1 2 4 8 16 32 64 80 111 128 160 192
1 2 4 8 16 32 64 88 103 128 160 192
1 2 4 8 16 32 64 88 119 128 160 192
1 2 4 8 16 32 64 92 115 128 160 192
1 2 4 8 16 32 64 76 99 128 176 192
1 2 4 8 16 32 64 79 112 128 160 192
1 2 4 8 16 32 64 71 120 128 160 192
1 2 4 8 16 32 64 95 112 128 160 192
1 2 4 8 16 32 64 87 120 128 160 192
1 2 4 8 16 32 64 91 124 128 160 192
1 2 4 8 16 32 64 75 108 128 176 192
1 2 4 8 16 32 64 111 112 128 160 192
1 2 4 8 16 32 64 103 120 128 160 192
1 2 4 8 16 32 64 119 120 128 160 192
1 2 4 8 16 32 64 115 124 128 160 192
1 2 4 8 16 32 64 99 108 128 176 192
1 2 4 8 16 32 64 107 108 128 176 192
1 2 4 8 16 32 64 85 86 128 152 224
1 2 4 8 16 32 64 83 100 128 136 240
1 2 4 8 16 24 32 64 128 151 160 192
1 2 4 8 16 28 32 64 128 147 160 192
1 2 4 8 16 28 32 64 128 155 160 192
1 2 4 8 14 16 32 64 128 173 176 192
1 2 4 8 16 32 44 64 128 139 176 192
1 2 4 8 16 32 44 64 128 163 176 192
1 2 4 8 16 32 44 64 128 171 176 192
1 2 4 8 16 32 54 64 128 181 184 192
1 2 4 8 16 32 64 80 128 143 160 192
1 2 4 8 16 32 64 88 128 135 160 192
1 2 4 8 16 32 64 88 128 151 160 192
1 2 4 8 16 32 64 92 128 155 160 192
1 2 4 8 16 32 64 76 128 163 176 192
1 2 4 8 16 32 64 76 128 171 176 192
1 2 4 8 16 32 64 78 128 173 176 192
1 2 4 8 16 32 64 96 128 159 160 192
1 2 4 8 16 32 64 112 128 143 160 192
1 2 4 8 16 32 64 120 128 135 160 192
1 2 4 8 16 32 64 104 128 135 176 192
1 2 4 8 16 32 64 104 128 151 176 192
1 2 4 8 16 32 64 116 128 131 184 192
1 2 4 8 16 32 64 104 128 167 176 192
1 2 4 8 16 32 64 108 128 171 176 192
1 2 4 8 16 32 64 102 128 181 184 192
1 2 4 8 16 32 64 116 128 163 184 192
1 2 4 8 16 32 64 70 128 149 152 224
1 2 4 8 16 32 64 84 128 131 152 224
1 2 4 8 16 32 64 72 128 144 167 224
1 2 4 8 16 32 64 76 128 144 163 224
1 2 4 8 16 32 64 76 128 144 171 224
1 2 4 8 16 32 64 70 128 152 181 224
1 2 4 8 16 32 64 84 128 152 163 224
1 2 4 8 16 32 64 84 128 152 179 224
1 2 4 8 16 32 64 86 128 152 181 224
1 2 4 8 16 32 64 90 128 156 185 224
1 2 4 8 16 32 64 80 128 160 192 207
1 2 4 8 16 32 64 88 128 160 192 199
1 2 4 8 16 32 64 88 128 160 192 215
1 2 4 8 16 32 64 92 128 160 192 211
1 2 4 8 16 32 64 76 128 176 192 195
1 2 4 8 16 32 64 76 128 176 192 227
1 2 4 8 16 32 64 76 128 176 192 235
1 2 4 8 16 32 64 104 128 176 192 199
1 2 4 8 16 32 64 108 128 176 192 203
1 2 4 8 16 32 64 104 128 176 192 215
1 2 4 8 16 32 64 108 128 176 192 211
1 2 4 8 16 32 64 108 128 176 192 219
1 2 4 8 16 32 64 102 128 184 192 213
1 2 4 8 16 32 64 70 128 152 213 224
1 2 4 8 16 32 64 84 128 152 195 224
1 2 4 8 12 16 32 64 128 139 208 224
1 2 4 8 14 16 32 64 128 141 208 224
1 2 4 8 16 22 32 64 128 149 216 224
1 2 4 8 12 16 32 64 128 171 208 224
1 2 4 8 14 16 32 64 128 173 208 224
1 2 4 8 16 32 38 64 128 149 200 240
1 2 4 8 16 32 50 64 128 169 196 248
1 2 4 8 12 16 32 64 128 203 208 224
1 2 4 8 14 16 32 64 128 205 208 224
1 2 4 8 16 22 32 64 128 213 216 224
1 2 4 8 16 23 32 64 128 152 160 192
1 2 4 8 16 27 32 64 128 156 160 192
1 2 4 8 16 32 35 64 128 140 176 192
1 2 4 8 16 32 43 64 128 140 176 192
1 2 4 8 16 32 45 64 128 142 176 192
1 2 4 8 11 16 32 64 128 172 176 192
1 2 4 8 16 32 39 64 128 168 176 192
1 2 4 8 16 32 43 64 128 172 176 192
1 2 4 8 16 32 35 64 128 180 184 192
1 2 4 8 16 32 64 79 128 144 160 192
1 2 4 8 16 32 64 71 128 152 160 192
1 2 4 8 16 32 64 87 128 152 160 192
1 2 4 8 16 32 64 83 128 156 160 192
1 2 4 8 16 32 64 91 128 156 160 192
1 2 4 8 16 32 64 67 128 140 176 192
1 2 4 8 16 32 64 111 128 144 160 192
1 2 4 8 16 32 64 103 128 152 160 192
1 2 4 8 16 32 64 99 128 140 176 192
1 2 4 8 16 32 64 71 128 168 176 192
1 2 4 8 16 32 64 75 128 172 176 192
1 2 4 8 16 32 64 87 128 168 176 192
1 2 4 8 16 32 64 83 128 172 176 192
1 2 4 8 16 32 64 103 128 168 176 192
1 2 4 8 16 32 64 99 128 172 176 192
1 2 4 8 16 32 64 107 128 172 176 192
1 2 4 8 16 32 64 99 128 180 184 192
1 2 4 8 16 32 39 64 128 144 200 224
1 2 4 8 16 32 43 64 128 144 204 224
1 2 4 8 16 32 35 64 128 152 212 224
1 2 4 8 16 32 51 64 128 152 212 224
1 2 4 8 16 32 64 85 128 152 198 224
1 2 4 8 16 32 64 67 128 152 212 224
1 2 4 8 11 16 32 64 128 140 208 224
1 2 4 8 16 32 35 64 128 140 208 224
1 2 4 8 16 32 43 64 128 140 208 224
1 2 4 8 16 32 45 64 128 142 208 224
1 2 4 8 16 32 55 64 128 136 208 224
1 2 4 8 16 32 51 64 128 140 208 224
1 2 4 8 16 32 43 64 128 148 216 224
1 2 4 8 16 32 53 64 128 150 216 224
1 2 4 8 16 32 53 64 128 154 220 224
1 2 4 8 11 16 32 64 128 172 208 224
1 2 4 8 16 23 32 64 128 168 208 224
1 2 4 8 16 19 32 64 128 164 200 240
1 2 4 8 16 32 64 67 128 140 208 224
1 2 4 8 16 32 64 75 128 140 208 224
1 2 4 8 16 32 64 77 128 142 208 224
1 2 4 8 16 32 64 83 128 164 200 240
1 2 4 8 16 32 64 85 128 166 200 240
1 2 4 8 11 16 32 64 128 204 208 224
1 2 4 8 16 21 32 64 128 198 216 224
1 2 4 8 16 19 32 64 128 212 216 224
1 2 4 8 16 32 64 128 143 144 160 192
1 2 4 8 16 32 64 128 135 152 160 192
1 2 4 8 16 32 64 128 151 152 160 192
1 2 4 8 16 32 64 128 147 156 160 192
1 2 4 8 16 32 64 128 131 140 176 192
1 2 4 8 16 32 64 128 140 163 176 192
1 2 4 8 16 32 64 128 140 171 176 192
1 2 4 8 16 32 64 128 135 168 176 192
1 2 4 8 16 32 64 128 139 172 176 192
1 2 4 8 16 32 64 128 167 168 176 192
1 2 4 8 16 32 64 128 163 172 176 192
1 2 4 8 16 32 64 128 171 172 176 192
1 2 4 8 16 32 64 128 166 181 184 192
1 2 4 8 16 32 64 128 163 180 184 192
1 2 4 8 16 32 64 128 149 152 198 224
1 2 4 8 16 32 64 128 131 152 212 224
1 2 4 8 16 32 64 128 144 167 200 224
1 2 4 8 16 32 64 128 144 163 204 224
1 2 4 8 16 32 64 128 152 163 212 224
1 2 4 8 16 32 64 128 152 171 212 224
1 2 4 8 16 32 64 128 152 198 213 224
1 2 4 8 16 32 64 128 152 195 212 224
1 2 4 8 16 32 64 128 152 211 212 224
1 2 4 8 16 32 64 128 152 213 214 224
1 2 4 8 16 32 64 128 131 140 208 224
1 2 4 8 16 32 64 128 139 140 208 224
1 2 4 8 16 32 64 128 149 150 216 224
1 2 4 8 16 32 64 128 140 163 208 224
1 2 4 8 16 32 64 128 140 171 208 224
1 2 4 8 16 32 64 128 135 168 208 224
1 2 4 8 16 32 64 128 139 172 208 224
1 2 4 8 16 32 64 128 151 168 208 224
1 2 4 8 16 32 64 128 147 172 208 224
1 2 4 8 16 32 64 128 159 168 208 224
1 2 4 8 16 32 64 128 155 172 208 224
1 2 4 8 16 32 64 128 157 174 208 224
1 2 4 8 16 32 64 128 149 166 216 224
1 2 4 8 16 32 64 128 163 172 208 224
1 2 4 8 16 32 64 128 171 172 208 224
1 2 4 8 16 32 64 128 140 195 208 224
1 2 4 8 16 32 64 128 140 203 208 224
1 2 4 8 16 32 64 128 150 213 216 224
1 2 4 8 16 32 64 128 168 199 208 224
1 2 4 8 16 32 64 128 135 200 208 224
1 2 4 8 16 32 64 128 139 204 208 224
1 2 4 8 16 32 64 128 131 212 216 224
1 2 4 8 16 32 64 128 147 212 216 224
1 2 4 8 16 32 64 128 167 200 208 224
1 2 4 8 16 32 64 128 163 204 208 224
1 2 4 8 16 32 64 128 163 212 216 224
1 2 4 8 16 32 64 128 147 200 228 240
1 2 4 8 16 32 64 128 169 210 228 248
1 2 4 8 16 32 64 128 199 200 208 224
1 2 4 8 16 32 64 128 195 204 208 224
1 2 4 8 16 32 64 128 203 204 208 224
1 2 4 8 16 32 64 128 198 213 216 224
1 2 4 8 16 32 64 128 195 212 216 224
1 2 4 8 16 32 64 128 213 214 216 224
