15
6
2
49
1 2 3 4 5 6 8 9 10 12 16 17 18 32 33
1 2 3 4 5 6 8 9 10 12 16 17 18 32 36
1 2 3 4 5 6 8 9 10 12 16 17 18 32 44
1 2 3 4 5 6 8 9 10 12 16 17 18 32 48
1 2 3 4 5 6 8 9 10 12 16 17 18 32 52
1 2 3 4 5 6 8 9 10 12 16 17 32 33 48
1 2 3 4 5 6 8 9 10 12 16 17 32 34 48
1 2 3 4 5 6 8 9 10 12 16 17 32 38 50
1 2 3 4 5 6 8 9 10 16 17 18 32 33 34
1 2 3 4 5 6 8 9 10 16 17 18 32 33 36
1 2 3 4 5 6 8 9 10 16 17 18 32 36 40
1 2 3 4 5 6 8 9 10 16 17 18 32 44 52
1 2 3 4 5 6 8 9 10 16 17 20 24 32 33
1 2 3 4 5 6 8 9 10 16 17 20 24 32 34
1 2 3 4 5 6 8 9 10 16 17 20 24 32 38
1 2 3 4 5 6 8 9 10 16 17 20 24 32 44
1 2 3 4 5 6 8 9 10 16 17 20 32 33 40
1 2 3 4 5 6 8 9 10 16 17 20 32 34 36
1 2 3 4 5 6 8 9 10 16 17 20 32 34 40
1 2 3 4 5 6 8 9 10 16 17 20 32 34 48
1 2 3 4 5 6 8 9 10 16 17 20 32 38 42
1 2 3 4 5 6 8 9 10 16 17 20 32 40 48
1 2 3 4 5 6 8 9 10 16 17 20 32 42 50
1 2 3 4 5 6 8 9 10 16 17 32 34 48 51
1 2 3 4 5 6 8 9 10 16 17 32 36 40 48
1 2 3 4 5 6 8 9 10 16 17 32 36 48 53
1 2 3 4 5 6 8 9 10 16 17 32 38 42 50
1 2 3 4 5 6 8 9 10 16 20 24 32 36 40
1 2 3 4 5 6 8 9 10 16 20 24 32 36 48
1 2 3 4 5 6 8 9 10 16 20 24 32 37 41
1 2 3 4 5 6 8 9 10 16 20 24 32 37 49
1 2 3 4 5 6 8 9 10 16 20 24 32 44 52
1 2 3 4 5 6 8 9 10 16 20 32 40 48 60
1 2 3 4 5 6 8 9 16 17 24 32 34 40 43
1 2 3 4 5 6 8 9 16 17 24 32 38 42 50
1 2 3 4 5 6 8 9 16 18 24 27 32 40 48
1 2 3 4 5 6 8 9 16 18 24 32 35 41 49
1 2 3 4 5 6 8 9 16 18 24 32 35 41 59
1 2 3 4 5 6 8 9 16 18 24 32 36 40 48
1 2 3 4 5 6 8 9 16 18 24 32 37 41 49
1 2 3 4 5 8 9 16 18 20 23 32 34 40 43
1 2 3 4 5 8 9 16 18 20 24 32 34 36 40
1 2 3 4 5 8 9 16 18 20 24 32 35 37 41
1 2 3 4 5 8 9 16 18 20 24 32 35 37 49
1 2 3 4 5 8 10 12 16 19 21 32 38 42 51
1 2 3 4 5 8 10 12 16 19 21 32 38 42 53
1 2 3 4 5 8 10 12 16 19 21 32 42 51 63
1 2 3 4 5 8 10 12 16 19 28 32 37 51 57
1 2 3 4 5 8 10 16 19 32 36 40 52 59 62
