11
7
2
119
1 2 3 4 5 6 8 16 32 64 121
1 2 3 4 5 8 9 16 32 64 113
1 2 3 4 5 8 9 16 32 64 114
1 2 3 4 5 8 9 16 32 64 118
1 2 3 4 5 8 10 16 32 64 113
1 2 3 4 5 8 10 16 32 64 115
1 2 3 4 5 8 10 16 32 64 116
1 2 3 4 5 8 10 16 32 64 118
1 2 3 4 5 8 10 16 32 64 124
1 2 3 4 5 8 14 16 32 64 113
1 2 3 4 5 8 14 16 32 64 114
1 2 3 4 5 8 14 16 32 64 118
1 2 3 4 5 8 14 16 32 64 120
1 2 3 4 5 8 14 16 32 64 122
1 2 3 4 5 8 16 24 32 64 105
1 2 3 4 5 8 16 24 32 64 106
1 2 3 4 5 8 16 24 32 64 110
1 2 3 4 5 8 16 25 32 64 97
1 2 3 4 5 8 16 25 32 64 98
1 2 3 4 5 8 16 25 32 64 102
1 2 3 4 5 8 16 25 32 64 104
1 2 3 4 5 8 16 25 32 64 105
1 2 3 4 5 8 16 25 32 64 106
1 2 3 4 5 8 16 26 32 64 98
1 2 3 4 5 8 16 26 32 64 99
1 2 3 4 5 8 16 26 32 64 100
1 2 3 4 5 8 16 26 32 64 102
1 2 3 4 5 8 16 26 32 64 104
1 2 3 4 5 8 16 26 32 64 105
1 2 3 4 5 8 16 26 32 64 106
1 2 3 4 5 8 16 26 32 64 107
1 2 3 4 5 8 16 26 32 64 108
1 2 3 4 5 8 16 26 32 64 110
1 2 3 4 5 8 16 30 32 64 102
1 2 3 4 5 8 16 30 32 64 104
1 2 3 4 5 8 16 30 32 64 106
1 2 3 4 5 8 16 30 32 64 110
1 2 3 4 5 8 16 32 56 64 89
1 2 3 4 5 8 16 32 56 64 90
1 2 3 4 5 8 16 32 56 64 94
1 2 3 4 5 8 16 32 57 64 90
1 2 3 4 5 8 16 32 58 64 92
1 2 3 4 8 12 16 21 32 64 97
1 2 3 4 8 12 16 21 32 64 98
1 2 3 4 8 12 16 21 32 64 101
1 2 3 4 8 12 16 21 32 64 102
1 2 3 4 8 12 16 21 32 64 106
1 2 3 4 8 12 16 21 32 64 112
1 2 3 4 8 12 16 21 32 64 113
1 2 3 4 8 12 16 21 32 64 114
1 2 3 4 8 12 16 21 32 64 122
1 2 3 4 8 12 16 32 48 64 85
1 2 3 4 8 12 16 32 49 64 84
1 2 3 4 8 12 16 32 49 64 85
1 2 3 4 8 12 16 32 49 64 86
1 2 3 4 8 12 16 32 53 64 85
1 2 3 4 8 12 16 32 53 64 86
1 2 3 4 8 12 16 32 53 64 90
1 2 3 4 8 13 16 21 32 64 97
1 2 3 4 8 13 16 21 32 64 98
1 2 3 4 8 13 16 21 32 64 100
1 2 3 4 8 13 16 21 32 64 101
1 2 3 4 8 13 16 21 32 64 102
1 2 3 4 8 13 16 21 32 64 104
1 2 3 4 8 13 16 21 32 64 105
1 2 3 4 8 13 16 21 32 64 106
1 2 3 4 8 13 16 21 32 64 120
1 2 3 4 8 13 16 22 32 64 97
1 2 3 4 8 13 16 22 32 64 99
1 2 3 4 8 13 16 22 32 64 100
1 2 3 4 8 13 16 22 32 64 101
1 2 3 4 8 13 16 22 32 64 104
1 2 3 4 8 13 16 22 32 64 105
1 2 3 4 8 13 16 22 32 64 107
1 2 3 4 8 13 16 22 32 64 120
1 2 3 4 8 13 16 32 49 64 84
1 2 3 4 8 13 16 32 49 64 85
1 2 3 4 8 13 16 32 50 64 84
1 2 3 4 8 13 16 32 50 64 85
1 2 3 4 8 13 16 32 50 64 87
1 2 3 4 8 13 16 32 52 64 84
1 2 3 4 8 13 16 32 52 64 85
1 2 3 4 8 13 16 32 52 64 86
1 2 3 4 8 13 16 32 52 64 88
1 2 3 4 8 13 16 32 52 64 89
1 2 3 4 8 13 16 32 52 64 90
1 2 3 4 8 13 16 32 53 64 85
1 2 3 4 8 13 16 32 53 64 86
1 2 3 4 8 13 16 32 54 64 86
1 2 3 4 8 13 16 32 54 64 91
1 2 3 4 8 16 28 32 44 64 77
1 2 3 4 8 16 28 32 44 64 85
1 2 3 4 8 16 28 32 45 64 77
1 2 3 4 8 16 28 32 45 64 78
1 2 3 4 8 16 28 32 45 64 100
1 2 3 4 8 16 28 32 45 64 102
1 2 4 7 8 11 16 19 32 64 97
1 2 4 7 8 11 16 19 32 64 99
1 2 4 7 8 11 16 19 32 64 101
1 2 4 7 8 11 16 21 32 64 97
1 2 4 7 8 11 16 21 32 64 99
1 2 4 7 8 11 16 21 32 64 104
1 2 4 7 8 11 16 21 32 64 105
1 2 4 7 8 11 16 21 32 64 121
1 2 4 7 8 11 16 32 49 64 81
1 2 4 7 8 11 16 32 49 64 82
1 2 4 7 8 11 16 32 49 64 83
1 2 4 7 8 11 16 32 49 64 84
1 2 4 7 8 11 16 32 49 64 85
1 2 4 7 8 11 16 32 51 64 83
1 2 4 7 8 11 16 32 53 64 85
1 2 4 7 8 11 16 32 53 64 89
1 2 4 7 8 16 25 32 42 64 77
1 2 4 7 8 16 25 32 42 64 84
1 2 4 7 8 16 25 32 42 64 116
1 2 4 7 8 16 25 32 43 64 75
1 2 4 7 8 16 25 32 43 64 85
1 2 4 7 8 16 25 32 43 64 98
1 2 4 7 8 16 25 32 43 64 100
