13
7
2
787
1 2 3 4 5 6 8 9 10 16 32 64 113
1 2 3 4 5 6 8 9 10 16 32 64 116
1 2 3 4 5 6 8 9 10 16 32 64 124
1 2 3 4 5 6 8 9 16 17 32 64 97
1 2 3 4 5 6 8 9 16 17 32 64 98
1 2 3 4 5 6 8 9 16 17 32 64 102
1 2 3 4 5 6 8 9 16 17 32 64 104
1 2 3 4 5 6 8 9 16 17 32 64 106
1 2 3 4 5 6 8 9 16 17 32 64 120
1 2 3 4 5 6 8 9 16 18 32 64 97
1 2 3 4 5 6 8 9 16 18 32 64 99
1 2 3 4 5 6 8 9 16 18 32 64 100
1 2 3 4 5 6 8 9 16 18 32 64 101
1 2 3 4 5 6 8 9 16 18 32 64 104
1 2 3 4 5 6 8 9 16 18 32 64 106
1 2 3 4 5 6 8 9 16 18 32 64 108
1 2 3 4 5 6 8 9 16 18 32 64 120
1 2 3 4 5 6 8 9 16 22 32 64 97
1 2 3 4 5 6 8 9 16 22 32 64 98
1 2 3 4 5 6 8 9 16 22 32 64 104
1 2 3 4 5 6 8 9 16 22 32 64 106
1 2 3 4 5 6 8 9 16 22 32 64 122
1 2 3 4 5 6 8 9 16 24 32 64 97
1 2 3 4 5 6 8 9 16 24 32 64 98
1 2 3 4 5 6 8 9 16 24 32 64 102
1 2 3 4 5 6 8 9 16 24 32 64 104
1 2 3 4 5 6 8 9 16 24 32 64 105
1 2 3 4 5 6 8 9 16 24 32 64 106
1 2 3 4 5 6 8 9 16 24 32 64 112
1 2 3 4 5 6 8 9 16 24 32 64 113
1 2 3 4 5 6 8 9 16 24 32 64 114
1 2 3 4 5 6 8 9 16 26 32 64 97
1 2 3 4 5 6 8 9 16 26 32 64 98
1 2 3 4 5 6 8 9 16 26 32 64 100
1 2 3 4 5 6 8 9 16 26 32 64 102
1 2 3 4 5 6 8 9 16 26 32 64 104
1 2 3 4 5 6 8 9 16 26 32 64 106
1 2 3 4 5 6 8 9 16 26 32 64 108
1 2 3 4 5 6 8 9 16 26 32 64 112
1 2 3 4 5 6 8 9 16 26 32 64 114
1 2 3 4 5 6 8 9 16 26 32 64 118
1 2 3 4 5 6 8 9 16 32 48 64 81
1 2 3 4 5 6 8 9 16 32 48 64 82
1 2 3 4 5 6 8 9 16 32 48 64 86
1 2 3 4 5 6 8 9 16 32 48 64 88
1 2 3 4 5 6 8 9 16 32 48 64 90
1 2 3 4 5 6 8 9 16 32 49 64 81
1 2 3 4 5 6 8 9 16 32 49 64 82
1 2 3 4 5 6 8 9 16 32 49 64 88
1 2 3 4 5 6 8 9 16 32 50 64 82
1 2 3 4 5 6 8 9 16 32 50 64 83
1 2 3 4 5 6 8 9 16 32 50 64 84
1 2 3 4 5 6 8 9 16 32 50 64 86
1 2 3 4 5 6 8 9 16 32 50 64 88
1 2 3 4 5 6 8 9 16 32 50 64 90
1 2 3 4 5 6 8 9 16 32 54 64 86
1 2 3 4 5 6 8 9 16 32 54 64 90
1 2 3 4 5 6 8 9 16 32 56 64 88
1 2 3 4 5 6 8 9 16 32 56 64 89
1 2 3 4 5 6 8 9 16 32 56 64 90
1 2 3 4 5 6 8 9 16 32 58 64 90
1 2 3 4 5 6 8 9 16 32 58 64 92
1 2 3 4 5 6 8 16 24 32 40 64 73
1 2 3 4 5 6 8 16 24 32 40 64 81
1 2 3 4 5 6 8 16 24 32 40 64 113
1 2 3 4 5 6 8 16 24 32 41 64 73
1 2 3 4 5 6 8 16 24 32 41 64 74
1 2 3 4 5 6 8 16 24 32 41 64 81
1 2 3 4 5 6 8 16 24 32 41 64 82
1 2 3 4 5 6 8 16 24 32 41 64 96
1 2 3 4 5 6 8 16 24 32 41 64 97
1 2 3 4 5 6 8 16 24 32 41 64 98
1 2 3 4 5 6 8 16 24 32 41 64 112
1 2 3 4 5 6 8 16 24 32 41 64 114
1 2 3 4 5 6 8 16 25 32 41 64 73
1 2 3 4 5 6 8 16 25 32 41 64 74
1 2 3 4 5 6 8 16 25 32 41 64 81
1 2 3 4 5 6 8 16 25 32 41 64 82
1 2 3 4 5 6 8 16 25 32 41 64 112
1 2 3 4 5 6 8 16 25 32 42 64 76
1 2 3 4 5 6 8 16 25 32 42 64 83
1 2 3 4 5 6 8 16 25 32 42 64 85
1 2 3 4 5 6 8 16 25 32 42 64 112
1 2 3 4 5 8 9 16 17 32 33 64 65
1 2 3 4 5 8 9 16 17 32 33 64 66
1 2 3 4 5 8 9 16 17 32 33 64 70
1 2 3 4 5 8 9 16 17 32 34 64 66
1 2 3 4 5 8 9 16 17 32 34 64 67
1 2 3 4 5 8 9 16 17 32 34 64 68
1 2 3 4 5 8 9 16 17 32 34 64 70
1 2 3 4 5 8 9 16 17 32 34 64 76
1 2 3 4 5 8 9 16 17 32 34 64 96
1 2 3 4 5 8 9 16 17 32 34 64 97
1 2 3 4 5 8 9 16 17 32 34 64 100
1 2 3 4 5 8 9 16 17 32 38 64 70
1 2 3 4 5 8 9 16 17 32 38 64 74
1 2 3 4 5 8 9 16 17 32 38 64 88
1 2 3 4 5 8 9 16 17 32 38 64 96
1 2 3 4 5 8 9 16 17 32 38 64 98
1 2 3 4 5 8 9 16 17 32 38 64 106
1 2 3 4 5 8 9 16 18 20 32 64 97
1 2 3 4 5 8 9 16 18 20 32 64 98
1 2 3 4 5 8 9 16 18 20 32 64 99
1 2 3 4 5 8 9 16 18 20 32 64 102
1 2 3 4 5 8 9 16 18 20 32 64 104
1 2 3 4 5 8 9 16 18 20 32 64 106
1 2 3 4 5 8 9 16 18 20 32 64 112
1 2 3 4 5 8 9 16 18 20 32 64 113
1 2 3 4 5 8 9 16 18 20 32 64 114
1 2 3 4 5 8 9 16 18 20 32 64 119
1 2 3 4 5 8 9 16 18 20 32 64 120
1 2 3 4 5 8 9 16 18 32 34 64 67
1 2 3 4 5 8 9 16 18 32 34 64 68
1 2 3 4 5 8 9 16 18 32 34 64 70
1 2 3 4 5 8 9 16 18 32 34 64 76
1 2 3 4 5 8 9 16 18 32 34 64 84
1 2 3 4 5 8 9 16 18 32 35 64 68
1 2 3 4 5 8 9 16 18 32 35 64 70
1 2 3 4 5 8 9 16 18 32 35 64 76
1 2 3 4 5 8 9 16 18 32 35 64 80
1 2 3 4 5 8 9 16 18 32 35 64 81
1 2 3 4 5 8 9 16 18 32 35 64 84
1 2 3 4 5 8 9 16 18 32 35 64 112
1 2 3 4 5 8 9 16 18 32 35 64 116
1 2 3 4 5 8 9 16 18 32 36 64 70
1 2 3 4 5 8 9 16 18 32 36 64 71
1 2 3 4 5 8 9 16 18 32 36 64 72
1 2 3 4 5 8 9 16 18 32 36 64 74
1 2 3 4 5 8 9 16 18 32 36 64 80
1 2 3 4 5 8 9 16 18 32 36 64 81
1 2 3 4 5 8 9 16 18 32 36 64 84
1 2 3 4 5 8 9 16 18 32 36 64 85
1 2 3 4 5 8 9 16 18 32 36 64 88
1 2 3 4 5 8 9 16 18 32 36 64 112
1 2 3 4 5 8 9 16 18 32 36 64 113
1 2 3 4 5 8 9 16 18 32 38 64 70
1 2 3 4 5 8 9 16 18 32 38 64 74
1 2 3 4 5 8 9 16 18 32 38 64 76
1 2 3 4 5 8 9 16 18 32 38 64 80
1 2 3 4 5 8 9 16 18 32 38 64 81
1 2 3 4 5 8 9 16 18 32 38 64 84
1 2 3 4 5 8 9 16 18 32 38 64 88
1 2 3 4 5 8 9 16 18 32 38 64 96
1 2 3 4 5 8 9 16 18 32 38 64 98
1 2 3 4 5 8 9 16 18 32 38 64 99
1 2 3 4 5 8 9 16 18 32 38 64 106
1 2 3 4 5 8 9 16 18 32 38 64 112
1 2 3 4 5 8 9 16 18 32 44 64 76
1 2 3 4 5 8 9 16 18 32 44 64 80
1 2 3 4 5 8 9 16 18 32 44 64 81
1 2 3 4 5 8 9 16 18 32 44 64 84
1 2 3 4 5 8 9 16 18 32 44 64 96
1 2 3 4 5 8 9 16 18 32 44 64 100
1 2 3 4 5 8 9 16 18 32 44 64 102
1 2 3 4 5 8 9 16 18 32 44 64 116
1 2 3 4 5 8 9 16 18 32 48 64 80
1 2 3 4 5 8 9 16 18 32 48 64 81
1 2 3 4 5 8 9 16 18 32 48 64 82
1 2 3 4 5 8 9 16 18 32 48 64 83
1 2 3 4 5 8 9 16 18 32 48 64 84
1 2 3 4 5 8 9 16 18 32 48 64 86
1 2 3 4 5 8 9 16 18 32 48 64 96
1 2 3 4 5 8 9 16 18 32 48 64 97
1 2 3 4 5 8 9 16 18 32 48 64 98
1 2 3 4 5 8 9 16 18 32 48 64 99
1 2 3 4 5 8 9 16 18 32 48 64 100
1 2 3 4 5 8 9 16 18 32 48 64 102
1 2 3 4 5 8 9 16 18 32 49 64 81
1 2 3 4 5 8 9 16 18 32 49 64 84
1 2 3 4 5 8 9 16 18 32 49 64 96
1 2 3 4 5 8 9 16 18 32 49 64 97
1 2 3 4 5 8 9 16 18 32 49 64 99
1 2 3 4 5 8 9 16 18 32 49 64 100
1 2 3 4 5 8 9 16 18 32 52 64 84
1 2 3 4 5 8 9 16 18 32 52 64 87
1 2 3 4 5 8 9 16 18 32 52 64 88
1 2 3 4 5 8 9 16 18 32 52 64 96
1 2 3 4 5 8 9 16 18 32 52 64 99
1 2 3 4 5 8 9 16 18 32 52 64 100
1 2 3 4 5 8 9 16 18 32 52 64 101
1 2 3 4 5 8 9 16 18 32 52 64 102
1 2 3 4 5 8 9 16 18 32 52 64 108
1 2 3 4 5 8 9 16 22 26 32 64 97
1 2 3 4 5 8 9 16 22 26 32 64 98
1 2 3 4 5 8 9 16 22 26 32 64 102
1 2 3 4 5 8 9 16 22 26 32 64 112
1 2 3 4 5 8 9 16 22 26 32 64 114
1 2 3 4 5 8 9 16 22 32 38 64 70
1 2 3 4 5 8 9 16 22 32 38 64 74
1 2 3 4 5 8 9 16 22 32 38 64 80
1 2 3 4 5 8 9 16 22 32 38 64 82
1 2 3 4 5 8 9 16 22 32 38 64 90
1 2 3 4 5 8 9 16 22 32 38 64 112
1 2 3 4 5 8 9 16 22 32 42 64 76
1 2 3 4 5 8 9 16 22 32 42 64 80
1 2 3 4 5 8 9 16 22 32 42 64 82
1 2 3 4 5 8 9 16 22 32 42 64 90
1 2 3 4 5 8 9 16 22 32 42 64 112
1 2 3 4 5 8 9 16 22 32 48 64 80
1 2 3 4 5 8 9 16 22 32 48 64 82
1 2 3 4 5 8 9 16 22 32 48 64 86
1 2 3 4 5 8 9 16 22 32 48 64 90
1 2 3 4 5 8 9 16 22 32 48 64 96
1 2 3 4 5 8 9 16 22 32 48 64 98
1 2 3 4 5 8 9 16 22 32 48 64 102
1 2 3 4 5 8 9 16 22 32 48 64 106
1 2 3 4 5 8 9 16 22 32 50 64 82
1 2 3 4 5 8 9 16 22 32 50 64 83
1 2 3 4 5 8 9 16 22 32 50 64 85
1 2 3 4 5 8 9 16 22 32 50 64 90
1 2 3 4 5 8 9 16 22 32 50 64 96
1 2 3 4 5 8 9 16 22 32 50 64 97
1 2 3 4 5 8 9 16 22 32 50 64 98
1 2 3 4 5 8 9 16 22 32 50 64 104
1 2 3 4 5 8 9 16 22 32 58 64 90
1 2 3 4 5 8 9 16 22 32 58 64 96
1 2 3 4 5 8 9 16 22 32 58 64 104
1 2 3 4 5 8 9 16 22 32 58 64 106
1 2 3 4 5 8 9 16 32 48 64 80 97
1 2 3 4 5 8 9 16 32 48 64 80 98
1 2 3 4 5 8 9 16 32 48 64 80 102
1 2 3 4 5 8 9 16 32 48 64 81 98
1 2 3 4 5 8 9 16 32 48 64 82 100
1 2 3 4 5 8 9 16 32 48 64 86 106
1 2 3 4 5 8 9 16 32 50 64 83 100
1 2 3 4 5 8 10 12 15 16 32 64 113
1 2 3 4 5 8 10 12 16 19 32 64 97
1 2 3 4 5 8 10 12 16 19 32 64 99
1 2 3 4 5 8 10 12 16 19 32 64 100
1 2 3 4 5 8 10 12 16 19 32 64 101
1 2 3 4 5 8 10 12 16 19 32 64 102
1 2 3 4 5 8 10 12 16 19 32 64 108
1 2 3 4 5 8 10 12 16 19 32 64 111
1 2 3 4 5 8 10 12 16 19 32 64 112
1 2 3 4 5 8 10 12 16 19 32 64 113
1 2 3 4 5 8 10 12 16 19 32 64 117
1 2 3 4 5 8 10 12 16 19 32 64 124
1 2 3 4 5 8 10 12 16 22 32 64 97
1 2 3 4 5 8 10 12 16 22 32 64 98
1 2 3 4 5 8 10 12 16 22 32 64 99
1 2 3 4 5 8 10 12 16 22 32 64 102
1 2 3 4 5 8 10 12 16 22 32 64 105
1 2 3 4 5 8 10 12 16 22 32 64 112
1 2 3 4 5 8 10 12 16 22 32 64 114
1 2 3 4 5 8 10 12 16 22 32 64 115
1 2 3 4 5 8 10 12 16 31 32 64 97
1 2 3 4 5 8 10 12 16 31 32 64 99
1 2 3 4 5 8 10 12 16 31 32 64 111
1 2 3 4 5 8 10 12 16 31 32 64 112
1 2 3 4 5 8 10 12 16 31 32 64 115
1 2 3 4 5 8 10 12 16 32 48 64 81
1 2 3 4 5 8 10 12 16 32 48 64 83
1 2 3 4 5 8 10 12 16 32 48 64 86
1 2 3 4 5 8 10 12 16 32 48 64 95
1 2 3 4 5 8 10 12 16 32 49 64 81
1 2 3 4 5 8 10 12 16 32 49 64 82
1 2 3 4 5 8 10 12 16 32 49 64 83
1 2 3 4 5 8 10 12 16 32 49 64 88
1 2 3 4 5 8 10 12 16 32 49 64 89
1 2 3 4 5 8 10 12 16 32 51 64 83
1 2 3 4 5 8 10 12 16 32 51 64 85
1 2 3 4 5 8 10 12 16 32 51 64 86
1 2 3 4 5 8 10 12 16 32 51 64 92
1 2 3 4 5 8 10 12 16 32 51 64 95
1 2 3 4 5 8 10 12 16 32 54 64 86
1 2 3 4 5 8 10 12 16 32 63 64 95
1 2 3 4 5 8 10 16 19 28 32 64 97
1 2 3 4 5 8 10 16 19 28 32 64 100
1 2 3 4 5 8 10 16 19 28 32 64 108
1 2 3 4 5 8 10 16 19 28 32 64 124
1 2 3 4 5 8 10 16 19 32 36 64 69
1 2 3 4 5 8 10 16 19 32 36 64 70
1 2 3 4 5 8 10 16 19 32 36 64 72
1 2 3 4 5 8 10 16 19 32 36 64 73
1 2 3 4 5 8 10 16 19 32 36 64 76
1 2 3 4 5 8 10 16 19 32 36 64 77
1 2 3 4 5 8 10 16 19 32 36 64 88
1 2 3 4 5 8 10 16 19 32 36 64 92
1 2 3 4 5 8 10 16 19 32 36 64 96
1 2 3 4 5 8 10 16 19 32 36 64 97
1 2 3 4 5 8 10 16 19 32 36 64 98
1 2 3 4 5 8 10 16 19 32 36 64 104
1 2 3 4 5 8 10 16 19 32 36 64 105
1 2 3 4 5 8 10 16 19 32 36 64 120
1 2 3 4 5 8 10 16 19 32 38 64 70
1 2 3 4 5 8 10 16 19 32 38 64 73
1 2 3 4 5 8 10 16 19 32 38 64 76
1 2 3 4 5 8 10 16 19 32 38 64 88
1 2 3 4 5 8 10 16 19 32 38 64 96
1 2 3 4 5 8 10 16 19 32 38 64 98
1 2 3 4 5 8 10 16 19 32 38 64 104
1 2 3 4 5 8 10 16 19 32 44 64 76
1 2 3 4 5 8 10 16 19 32 44 64 79
1 2 3 4 5 8 10 16 19 32 44 64 85
1 2 3 4 5 8 10 16 19 32 44 64 92
1 2 3 4 5 8 10 16 19 32 44 64 96
1 2 3 4 5 8 10 16 19 32 44 64 99
1 2 3 4 5 8 10 16 19 32 44 64 100
1 2 3 4 5 8 10 16 19 32 44 64 101
1 2 3 4 5 8 10 16 19 32 44 64 112
1 2 3 4 5 8 10 16 19 32 44 64 117
1 2 3 4 5 8 10 16 19 32 60 64 92
1 2 3 4 5 8 10 16 19 32 60 64 96
1 2 3 4 5 8 10 16 19 32 60 64 100
1 2 3 4 5 8 10 16 20 24 32 64 97
1 2 3 4 5 8 10 16 20 24 32 64 99
1 2 3 4 5 8 10 16 20 24 32 64 102
1 2 3 4 5 8 10 16 20 24 32 64 111
1 2 3 4 5 8 10 16 20 25 32 64 97
1 2 3 4 5 8 10 16 20 25 32 64 98
1 2 3 4 5 8 10 16 20 25 32 64 99
1 2 3 4 5 8 10 16 20 25 32 64 103
1 2 3 4 5 8 10 16 20 25 32 64 104
1 2 3 4 5 8 10 16 20 25 32 64 105
1 2 3 4 5 8 10 16 20 25 32 64 106
1 2 3 4 5 8 10 16 20 25 32 64 109
1 2 3 4 5 8 10 16 20 25 32 64 121
1 2 3 4 5 8 10 16 20 25 32 64 122
1 2 3 4 5 8 10 16 20 32 38 64 70
1 2 3 4 5 8 10 16 20 32 38 64 72
1 2 3 4 5 8 10 16 20 32 38 64 73
1 2 3 4 5 8 10 16 20 32 38 64 76
1 2 3 4 5 8 10 16 20 32 38 64 88
1 2 3 4 5 8 10 16 20 32 38 64 96
1 2 3 4 5 8 10 16 20 32 38 64 98
1 2 3 4 5 8 10 16 20 32 38 64 99
1 2 3 4 5 8 10 16 20 32 38 64 104
1 2 3 4 5 8 10 16 20 32 38 64 120
1 2 3 4 5 8 10 16 20 32 39 64 71
1 2 3 4 5 8 10 16 20 32 39 64 72
1 2 3 4 5 8 10 16 20 32 39 64 73
1 2 3 4 5 8 10 16 20 32 39 64 77
1 2 3 4 5 8 10 16 20 32 39 64 89
1 2 3 4 5 8 10 16 20 32 39 64 96
1 2 3 4 5 8 10 16 20 32 39 64 98
1 2 3 4 5 8 10 16 20 32 39 64 104
1 2 3 4 5 8 10 16 20 32 40 64 76
1 2 3 4 5 8 10 16 20 32 40 64 77
1 2 3 4 5 8 10 16 20 32 40 64 79
1 2 3 4 5 8 10 16 20 32 40 64 80
1 2 3 4 5 8 10 16 20 32 40 64 81
1 2 3 4 5 8 10 16 20 32 40 64 82
1 2 3 4 5 8 10 16 20 32 40 64 83
1 2 3 4 5 8 10 16 20 32 40 64 88
1 2 3 4 5 8 10 16 20 32 40 64 89
1 2 3 4 5 8 10 16 20 32 40 64 90
1 2 3 4 5 8 10 16 20 32 40 64 91
1 2 3 4 5 8 10 16 20 32 40 64 112
1 2 3 4 5 8 10 16 20 32 40 64 113
1 2 3 4 5 8 10 16 20 32 40 64 115
1 2 3 4 5 8 10 16 20 32 41 64 73
1 2 3 4 5 8 10 16 20 32 41 64 76
1 2 3 4 5 8 10 16 20 32 41 64 77
1 2 3 4 5 8 10 16 20 32 41 64 81
1 2 3 4 5 8 10 16 20 32 41 64 82
1 2 3 4 5 8 10 16 20 32 41 64 83
1 2 3 4 5 8 10 16 20 32 41 64 88
1 2 3 4 5 8 10 16 20 32 41 64 89
1 2 3 4 5 8 10 16 20 32 41 64 96
1 2 3 4 5 8 10 16 20 32 41 64 97
1 2 3 4 5 8 10 16 20 32 41 64 99
1 2 3 4 5 8 10 16 20 32 41 64 100
1 2 3 4 5 8 10 16 20 32 41 64 101
1 2 3 4 5 8 10 16 20 32 41 64 112
1 2 3 4 5 8 10 16 20 32 41 64 113
1 2 3 4 5 8 10 16 20 32 44 64 76
1 2 3 4 5 8 10 16 20 32 44 64 79
1 2 3 4 5 8 10 16 20 32 44 64 82
1 2 3 4 5 8 10 16 20 32 44 64 88
1 2 3 4 5 8 10 16 20 32 44 64 96
1 2 3 4 5 8 10 16 20 32 44 64 99
1 2 3 4 5 8 10 16 20 32 44 64 100
1 2 3 4 5 8 10 16 20 32 44 64 101
1 2 3 4 5 8 10 16 20 32 44 64 102
1 2 3 4 5 8 10 16 20 32 44 64 112
1 2 3 4 5 8 10 16 20 32 45 64 77
1 2 3 4 5 8 10 16 20 32 45 64 83
1 2 3 4 5 8 10 16 20 32 45 64 89
1 2 3 4 5 8 10 16 20 32 45 64 90
1 2 3 4 5 8 10 16 20 32 45 64 96
1 2 3 4 5 8 10 16 20 32 45 64 99
1 2 3 4 5 8 10 16 20 32 45 64 100
1 2 3 4 5 8 10 16 20 32 45 64 101
1 2 3 4 5 8 10 16 20 32 45 64 103
1 2 3 4 5 8 10 16 20 32 45 64 112
1 2 3 4 5 8 10 16 20 32 45 64 115
1 2 3 4 5 8 10 16 20 32 56 64 88
1 2 3 4 5 8 10 16 20 32 56 64 91
1 2 3 4 5 8 10 16 20 32 56 64 94
1 2 3 4 5 8 10 16 20 32 56 64 96
1 2 3 4 5 8 10 16 20 32 56 64 99
1 2 3 4 5 8 10 16 20 32 56 64 102
1 2 3 4 5 8 10 16 20 32 56 64 104
1 2 3 4 5 8 10 16 20 32 56 64 105
1 2 3 4 5 8 10 16 20 32 56 64 106
1 2 3 4 5 8 10 16 20 32 56 64 111
1 2 3 4 5 8 10 16 20 32 57 64 89
1 2 3 4 5 8 10 16 20 32 57 64 96
1 2 3 4 5 8 10 16 20 32 57 64 99
1 2 3 4 5 8 10 16 20 32 57 64 104
1 2 3 4 5 8 10 16 20 32 57 64 106
1 2 3 4 5 8 10 16 22 32 38 64 70
1 2 3 4 5 8 10 16 22 32 38 64 73
1 2 3 4 5 8 10 16 22 32 38 64 76
1 2 3 4 5 8 10 16 22 32 38 64 80
1 2 3 4 5 8 10 16 22 32 38 64 82
1 2 3 4 5 8 10 16 22 32 38 64 83
1 2 3 4 5 8 10 16 22 32 38 64 88
1 2 3 4 5 8 10 16 22 32 38 64 112
1 2 3 4 5 8 10 16 22 32 41 64 76
1 2 3 4 5 8 10 16 22 32 41 64 80
1 2 3 4 5 8 10 16 22 32 41 64 82
1 2 3 4 5 8 10 16 22 32 41 64 83
1 2 3 4 5 8 10 16 22 32 41 64 90
1 2 3 4 5 8 10 16 22 32 41 64 115
1 2 3 4 5 8 10 16 22 32 44 64 76
1 2 3 4 5 8 10 16 22 32 44 64 80
1 2 3 4 5 8 10 16 22 32 44 64 82
1 2 3 4 5 8 10 16 22 32 44 64 83
1 2 3 4 5 8 10 16 22 32 44 64 90
1 2 3 4 5 8 10 16 22 32 44 64 96
1 2 3 4 5 8 10 16 22 32 44 64 100
1 2 3 4 5 8 10 16 22 32 44 64 101
1 2 3 4 5 8 10 16 22 32 44 64 102
1 2 3 4 5 8 10 16 22 32 44 64 112
1 2 3 4 5 8 10 16 22 32 48 64 80
1 2 3 4 5 8 10 16 22 32 48 64 82
1 2 3 4 5 8 10 16 22 32 48 64 83
1 2 3 4 5 8 10 16 22 32 48 64 84
1 2 3 4 5 8 10 16 22 32 48 64 85
1 2 3 4 5 8 10 16 22 32 48 64 86
1 2 3 4 5 8 10 16 22 32 48 64 88
1 2 3 4 5 8 10 16 22 32 48 64 92
1 2 3 4 5 8 10 16 22 32 48 64 96
1 2 3 4 5 8 10 16 22 32 48 64 98
1 2 3 4 5 8 10 16 22 32 48 64 99
1 2 3 4 5 8 10 16 22 32 48 64 100
1 2 3 4 5 8 10 16 22 32 48 64 101
1 2 3 4 5 8 10 16 22 32 48 64 102
1 2 3 4 5 8 10 16 22 32 48 64 104
1 2 3 4 5 8 10 16 22 32 48 64 108
1 2 3 4 5 8 10 16 22 32 50 64 82
1 2 3 4 5 8 10 16 22 32 50 64 83
1 2 3 4 5 8 10 16 22 32 50 64 85
1 2 3 4 5 8 10 16 22 32 50 64 88
1 2 3 4 5 8 10 16 22 32 50 64 96
1 2 3 4 5 8 10 16 22 32 50 64 97
1 2 3 4 5 8 10 16 22 32 50 64 98
1 2 3 4 5 8 10 16 22 32 50 64 100
1 2 3 4 5 8 10 16 22 32 50 64 104
1 2 3 4 5 8 10 16 22 32 51 64 83
1 2 3 4 5 8 10 16 22 32 51 64 88
1 2 3 4 5 8 10 16 22 32 51 64 92
1 2 3 4 5 8 10 16 22 32 51 64 96
1 2 3 4 5 8 10 16 22 32 51 64 97
1 2 3 4 5 8 10 16 22 32 51 64 99
1 2 3 4 5 8 10 16 22 32 51 64 101
1 2 3 4 5 8 10 16 22 32 51 64 105
1 2 3 4 5 8 10 16 22 32 56 64 88
1 2 3 4 5 8 10 16 22 32 56 64 92
1 2 3 4 5 8 10 16 22 32 56 64 96
1 2 3 4 5 8 10 16 22 32 56 64 100
1 2 3 4 5 8 10 16 22 32 56 64 104
1 2 3 4 5 8 10 16 22 32 56 64 106
1 2 3 4 5 8 10 16 22 32 56 64 107
1 2 3 4 5 8 10 16 22 32 56 64 110
1 2 3 4 5 8 10 16 28 32 44 64 76
1 2 3 4 5 8 10 16 28 32 44 64 79
1 2 3 4 5 8 10 16 28 32 44 64 80
1 2 3 4 5 8 10 16 28 32 44 64 83
1 2 3 4 5 8 10 16 28 32 44 64 84
1 2 3 4 5 8 10 16 28 32 44 64 85
1 2 3 4 5 8 10 16 28 32 44 64 112
1 2 3 4 5 8 10 16 28 32 47 64 80
1 2 3 4 5 8 10 16 28 32 47 64 83
1 2 3 4 5 8 10 16 28 32 47 64 84
1 2 3 4 5 8 10 16 28 32 47 64 112
1 2 3 4 5 8 10 16 28 32 48 64 80
1 2 3 4 5 8 10 16 28 32 48 64 83
1 2 3 4 5 8 10 16 28 32 48 64 84
1 2 3 4 5 8 10 16 28 32 48 64 85
1 2 3 4 5 8 10 16 28 32 48 64 86
1 2 3 4 5 8 10 16 28 32 48 64 92
1 2 3 4 5 8 10 16 28 32 48 64 95
1 2 3 4 5 8 10 16 28 32 48 64 96
1 2 3 4 5 8 10 16 28 32 48 64 99
1 2 3 4 5 8 10 16 28 32 48 64 100
1 2 3 4 5 8 10 16 28 32 48 64 101
1 2 3 4 5 8 10 16 28 32 48 64 102
1 2 3 4 5 8 10 16 28 32 48 64 108
1 2 3 4 5 8 10 16 28 32 48 64 111
1 2 3 4 5 8 10 16 28 32 51 64 83
1 2 3 4 5 8 10 16 28 32 51 64 84
1 2 3 4 5 8 10 16 28 32 51 64 86
1 2 3 4 5 8 10 16 28 32 51 64 96
1 2 3 4 5 8 10 16 28 32 51 64 99
1 2 3 4 5 8 10 16 28 32 51 64 101
1 2 3 4 5 8 10 16 28 32 51 64 111
1 2 3 4 5 8 10 16 28 32 52 64 84
1 2 3 4 5 8 10 16 28 32 52 64 85
1 2 3 4 5 8 10 16 28 32 52 64 89
1 2 3 4 5 8 10 16 28 32 52 64 96
1 2 3 4 5 8 10 16 28 32 52 64 97
1 2 3 4 5 8 10 16 28 32 52 64 100
1 2 3 4 5 8 10 16 28 32 53 64 85
1 2 3 4 5 8 10 16 28 32 53 64 86
1 2 3 4 5 8 10 16 28 32 53 64 96
1 2 3 4 5 8 10 16 28 32 53 64 97
1 2 3 4 5 8 10 16 28 32 53 64 99
1 2 3 4 5 8 10 16 28 32 53 64 101
1 2 3 4 5 8 10 16 28 32 53 64 105
1 2 3 4 5 8 10 16 28 32 53 64 106
1 2 3 4 5 8 10 16 32 48 64 80 97
1 2 3 4 5 8 10 16 32 48 64 80 99
1 2 3 4 5 8 10 16 32 48 64 80 100
1 2 3 4 5 8 10 16 32 48 64 80 102
1 2 3 4 5 8 10 16 32 48 64 80 108
1 2 3 4 5 8 10 16 32 48 64 81 98
1 2 3 4 5 8 10 16 32 48 64 81 100
1 2 3 4 5 8 10 16 32 48 64 81 104
1 2 3 4 5 8 10 16 32 48 64 83 100
1 2 3 4 5 8 10 16 32 48 64 83 108
1 2 3 4 5 8 10 16 32 48 64 84 104
1 2 3 4 5 8 10 16 32 48 64 84 105
1 2 3 4 5 8 10 16 32 49 64 83 104
1 2 3 4 5 8 10 16 32 51 64 84 104
1 2 3 4 5 8 10 16 32 52 64 85 104
1 2 3 4 5 8 14 16 22 24 32 64 97
1 2 3 4 5 8 14 16 22 24 32 64 98
1 2 3 4 5 8 14 16 22 24 32 64 102
1 2 3 4 5 8 14 16 22 24 32 64 106
1 2 3 4 5 8 14 16 22 32 38 64 70
1 2 3 4 5 8 14 16 22 32 38 64 72
1 2 3 4 5 8 14 16 22 32 38 64 74
1 2 3 4 5 8 14 16 22 32 38 64 88
1 2 3 4 5 8 14 16 22 32 40 64 72
1 2 3 4 5 8 14 16 22 32 40 64 74
1 2 3 4 5 8 14 16 22 32 40 64 78
1 2 3 4 5 8 14 16 22 32 40 64 80
1 2 3 4 5 8 14 16 22 32 40 64 82
1 2 3 4 5 8 14 16 22 32 40 64 88
1 2 3 4 5 8 14 16 22 32 40 64 96
1 2 3 4 5 8 14 16 22 32 40 64 98
1 2 3 4 5 8 14 16 22 32 40 64 102
1 2 3 4 5 8 14 16 22 32 40 64 112
1 2 3 4 5 8 14 16 22 32 42 64 74
1 2 3 4 5 8 14 16 22 32 42 64 75
1 2 3 4 5 8 14 16 22 32 42 64 82
1 2 3 4 5 8 14 16 22 32 42 64 83
1 2 3 4 5 8 14 16 22 32 42 64 88
1 2 3 4 5 8 14 16 22 32 42 64 96
1 2 3 4 5 8 14 16 22 32 42 64 97
1 2 3 4 5 8 14 16 22 32 42 64 98
1 2 3 4 5 8 14 16 22 32 42 64 114
1 2 3 4 5 8 14 16 22 32 56 64 88
1 2 3 4 5 8 14 16 22 32 56 64 96
1 2 3 4 5 8 14 16 22 32 56 64 104
1 2 3 4 5 8 14 16 22 32 56 64 106
1 2 3 4 5 8 14 16 24 32 40 64 74
1 2 3 4 5 8 14 16 24 32 40 64 78
1 2 3 4 5 8 14 16 24 32 40 64 82
1 2 3 4 5 8 14 16 24 32 40 64 86
1 2 3 4 5 8 14 16 24 32 40 64 112
1 2 3 4 5 8 14 16 24 32 42 64 74
1 2 3 4 5 8 14 16 24 32 42 64 75
1 2 3 4 5 8 14 16 24 32 42 64 77
1 2 3 4 5 8 14 16 24 32 42 64 78
1 2 3 4 5 8 14 16 24 32 42 64 80
1 2 3 4 5 8 14 16 24 32 42 64 82
1 2 3 4 5 8 14 16 24 32 42 64 83
1 2 3 4 5 8 14 16 24 32 42 64 85
1 2 3 4 5 8 14 16 24 32 42 64 86
1 2 3 4 5 8 14 16 24 32 42 64 96
1 2 3 4 5 8 14 16 24 32 42 64 97
1 2 3 4 5 8 14 16 24 32 42 64 98
1 2 3 4 5 8 14 16 24 32 42 64 100
1 2 3 4 5 8 14 16 24 32 42 64 112
1 2 3 4 5 8 14 16 24 32 46 64 80
1 2 3 4 5 8 14 16 24 32 46 64 82
1 2 3 4 5 8 14 16 24 32 46 64 86
1 2 3 4 5 8 14 16 24 32 46 64 112
1 2 3 4 5 8 14 16 24 32 46 64 114
1 2 3 4 5 8 14 16 24 32 48 64 82
1 2 3 4 5 8 14 16 24 32 48 64 86
1 2 3 4 5 8 14 16 24 32 48 64 90
1 2 3 4 5 8 14 16 24 32 48 64 94
1 2 3 4 5 8 14 16 24 32 48 64 98
1 2 3 4 5 8 14 16 24 32 48 64 102
1 2 3 4 5 8 14 16 24 32 48 64 104
1 2 3 4 5 8 14 16 24 32 48 64 106
1 2 3 4 5 8 14 16 24 32 48 64 110
1 2 3 4 5 8 14 16 24 32 50 64 82
1 2 3 4 5 8 14 16 24 32 50 64 83
1 2 3 4 5 8 14 16 24 32 50 64 86
1 2 3 4 5 8 14 16 24 32 50 64 92
1 2 3 4 5 8 14 16 24 32 50 64 96
1 2 3 4 5 8 14 16 24 32 50 64 97
1 2 3 4 5 8 14 16 24 32 50 64 98
1 2 3 4 5 8 14 16 24 32 50 64 100
1 2 3 4 5 8 14 16 24 32 50 64 106
1 2 3 4 5 8 14 16 24 32 50 64 110
1 2 3 4 5 8 14 16 24 32 54 64 86
1 2 3 4 5 8 14 16 24 32 54 64 96
1 2 3 4 5 8 14 16 24 32 54 64 98
1 2 3 4 5 8 14 16 24 32 54 64 102
1 2 3 4 5 8 14 16 24 32 54 64 110
1 2 3 4 5 8 14 16 26 32 42 64 74
1 2 3 4 5 8 14 16 26 32 42 64 75
1 2 3 4 5 8 14 16 26 32 42 64 77
1 2 3 4 5 8 14 16 26 32 42 64 80
1 2 3 4 5 8 14 16 26 32 42 64 81
1 2 3 4 5 8 14 16 26 32 42 64 82
1 2 3 4 5 8 14 16 26 32 42 64 112
1 2 3 4 5 8 14 16 26 32 43 64 80
1 2 3 4 5 8 14 16 26 32 43 64 81
1 2 3 4 5 8 14 16 26 32 43 64 82
1 2 3 4 5 8 14 16 26 32 43 64 112
1 2 3 4 5 8 14 16 26 32 45 64 80
1 2 3 4 5 8 14 16 26 32 45 64 82
1 2 3 4 5 8 14 16 26 32 48 64 80
1 2 3 4 5 8 14 16 26 32 48 64 81
1 2 3 4 5 8 14 16 26 32 48 64 82
1 2 3 4 5 8 14 16 26 32 48 64 88
1 2 3 4 5 8 14 16 26 32 48 64 90
1 2 3 4 5 8 14 16 26 32 48 64 91
1 2 3 4 5 8 14 16 26 32 48 64 96
1 2 3 4 5 8 14 16 26 32 48 64 97
1 2 3 4 5 8 14 16 26 32 48 64 98
1 2 3 4 5 8 14 16 26 32 48 64 104
1 2 3 4 5 8 14 16 26 32 48 64 106
1 2 3 4 5 8 14 16 26 32 48 64 107
1 2 3 4 5 8 14 16 26 32 49 64 81
1 2 3 4 5 8 14 16 26 32 49 64 82
1 2 3 4 5 8 14 16 26 32 49 64 96
1 2 3 4 5 8 14 16 26 32 49 64 97
1 2 3 4 5 8 14 16 26 32 49 64 99
1 2 3 4 5 8 14 16 26 32 49 64 107
1 2 3 4 5 8 14 16 26 32 50 64 82
1 2 3 4 5 8 14 16 26 32 50 64 84
1 2 3 4 5 8 14 16 26 32 50 64 94
1 2 3 4 5 8 14 16 26 32 50 64 96
1 2 3 4 5 8 14 16 26 32 50 64 98
1 2 3 4 5 8 14 16 26 32 50 64 99
1 2 3 4 5 8 14 16 26 32 50 64 102
1 2 3 4 5 8 14 16 26 32 50 64 104
1 2 3 4 5 8 14 16 32 48 64 80 102
1 2 3 4 5 8 14 16 32 48 64 80 104
1 2 3 4 5 8 14 16 32 48 64 80 106
1 2 3 4 5 8 14 16 32 48 64 81 98
1 2 3 4 5 8 14 16 32 48 64 81 106
1 2 3 4 5 8 14 16 32 48 64 82 100
1 2 3 4 5 8 14 16 32 48 64 82 104
1 2 3 4 5 8 14 16 32 48 64 86 104
1 2 3 4 5 8 14 16 32 50 64 84 104
1 2 3 4 5 8 16 24 32 40 54 64 82
1 2 3 4 5 8 16 24 32 40 54 64 86
1 2 3 4 5 8 16 24 32 40 54 64 118
1 2 3 4 5 8 16 24 32 40 64 73 82
1 2 3 4 5 8 16 24 32 40 64 74 81
1 2 3 4 5 8 16 24 32 40 64 74 84
1 2 3 4 5 8 16 24 32 40 64 78 82
1 2 3 4 5 8 16 24 32 40 64 82 100
1 2 3 4 5 8 16 24 32 40 64 82 102
1 2 3 4 5 8 16 24 32 41 50 64 73
1 2 3 4 5 8 16 24 32 41 50 64 76
1 2 3 4 5 8 16 24 32 41 50 64 82
1 2 3 4 5 8 16 24 32 41 50 64 96
1 2 3 4 5 8 16 24 32 41 50 64 97
1 2 3 4 5 8 16 24 32 41 50 64 98
1 2 3 4 5 8 16 24 32 41 50 64 100
1 2 3 4 5 8 16 24 32 41 50 64 112
1 2 3 4 5 8 16 24 32 41 50 64 114
1 2 3 4 5 8 16 24 32 41 50 64 116
1 2 3 4 5 8 16 24 32 41 64 81 96
1 2 3 4 5 8 16 24 32 41 64 82 96
1 2 3 4 5 8 16 24 32 41 64 82 99
1 2 3 4 5 8 16 24 32 42 52 64 74
1 2 3 4 5 8 16 24 32 42 52 64 91
1 2 3 4 5 8 16 24 32 42 52 64 94
1 2 3 4 5 8 16 24 32 42 52 64 96
1 2 3 4 5 8 16 24 32 42 52 64 97
1 2 3 4 5 8 16 24 32 42 52 64 98
1 2 3 4 5 8 16 24 32 42 52 64 104
1 2 3 4 5 8 16 24 32 42 52 64 105
1 2 3 4 5 8 16 24 32 42 52 64 106
1 2 3 4 5 8 16 24 32 42 52 64 108
1 2 3 4 5 8 16 24 32 42 52 64 111
1 2 3 4 5 8 16 24 32 42 64 75 100
1 2 3 4 5 8 16 24 32 42 64 76 99
1 2 3 4 5 8 16 24 32 42 64 82 96
1 2 3 4 5 8 16 24 32 42 64 83 96
1 2 3 4 5 8 16 24 32 42 64 83 97
1 2 3 4 5 8 16 24 32 42 64 83 100
1 2 3 4 5 8 16 24 32 42 64 84 96
1 2 3 4 5 8 16 24 32 42 64 84 99
1 2 3 4 5 8 16 24 32 42 64 84 102
1 2 3 4 5 8 16 24 32 42 64 86 96
1 2 3 4 5 8 16 24 32 42 64 86 100
1 2 3 4 5 8 16 24 32 46 64 86 96
1 2 3 4 5 8 16 25 32 41 64 81 97
1 2 3 4 5 8 16 25 32 41 64 82 98
1 2 3 4 5 8 16 25 32 42 64 84 103
1 2 3 4 5 8 16 26 32 42 64 75 84
1 2 3 4 5 8 16 26 32 42 64 76 83
1 2 3 4 5 8 16 26 32 42 64 82 98
1 2 3 4 5 8 16 26 32 42 64 83 99
1 2 3 4 5 8 16 26 32 42 64 84 100
1 2 3 4 5 8 16 26 32 42 64 86 102
1 2 3 4 5 8 16 26 32 43 64 84 101
1 2 3 4 5 8 16 26 32 44 64 85 99
1 2 3 4 5 8 16 30 32 46 64 86 102
1 2 3 4 8 12 16 21 26 32 37 64 69
1 2 3 4 8 12 16 21 26 32 37 64 74
1 2 3 4 8 12 16 21 26 32 37 64 80
1 2 3 4 8 12 16 21 26 32 37 64 82
1 2 3 4 8 12 16 21 26 32 37 64 90
1 2 3 4 8 12 16 21 26 32 37 64 96
1 2 3 4 8 12 16 21 26 32 37 64 97
1 2 3 4 8 12 16 21 26 32 37 64 106
1 2 3 4 8 12 16 21 26 32 37 64 112
1 2 3 4 8 12 16 21 26 32 48 64 81
1 2 3 4 8 12 16 21 26 32 48 64 85
1 2 3 4 8 12 16 21 26 32 48 64 86
1 2 3 4 8 12 16 21 26 32 48 64 97
1 2 3 4 8 12 16 21 26 32 48 64 101
1 2 3 4 8 12 16 21 26 32 49 64 81
1 2 3 4 8 12 16 21 26 32 49 64 82
1 2 3 4 8 12 16 21 26 32 49 64 84
1 2 3 4 8 12 16 21 26 32 49 64 86
1 2 3 4 8 12 16 21 26 32 49 64 96
1 2 3 4 8 12 16 21 26 32 49 64 97
1 2 3 4 8 12 16 21 26 32 49 64 99
1 2 3 4 8 12 16 21 32 37 64 74 80
1 2 3 4 8 12 16 21 32 37 64 74 83
1 2 3 4 8 12 16 21 32 37 64 81 97
1 2 3 4 8 12 16 21 32 37 64 82 98
1 2 3 4 8 12 16 21 32 37 64 90 106
1 2 3 4 8 12 16 21 32 38 64 73 99
1 2 3 4 8 12 16 21 32 38 64 80 99
1 2 3 4 8 12 16 21 32 38 64 81 98
1 2 3 4 8 12 16 21 32 38 64 88 104
1 2 3 4 8 12 16 21 32 42 48 64 79
1 2 3 4 8 12 16 21 32 42 48 64 85
1 2 3 4 8 12 16 21 32 42 48 64 86
1 2 3 4 8 12 16 21 32 42 48 64 127
1 2 3 4 8 12 16 21 32 42 51 64 81
1 2 3 4 8 12 16 21 32 42 51 64 83
1 2 3 4 8 12 16 21 32 42 51 64 84
1 2 3 4 8 12 16 21 32 42 51 64 112
1 2 3 4 8 12 16 21 32 42 51 64 115
1 2 3 4 8 12 16 21 32 42 64 79 112
1 2 3 4 8 12 16 21 32 42 64 80 99
1 2 3 4 8 12 16 21 32 42 64 80 101
1 2 3 4 8 12 16 21 32 42 64 81 98
1 2 3 4 8 12 16 21 32 42 64 83 102
1 2 3 4 8 12 16 21 32 48 64 85 106
1 2 3 4 8 12 16 21 32 49 64 84 97
1 2 3 4 8 12 16 21 32 49 64 86 99
1 2 3 4 8 12 16 21 32 49 64 90 99
1 2 3 4 8 12 16 21 32 50 64 86 104
1 2 3 4 8 12 16 21 32 50 64 88 98
1 2 3 4 8 12 16 21 32 50 64 89 96
1 2 3 4 8 12 16 21 32 50 64 89 99
1 2 3 4 8 13 16 21 32 37 64 73 81
1 2 3 4 8 13 16 21 32 37 64 74 82
1 2 3 4 8 13 16 21 32 37 64 88 104
1 2 3 4 8 13 16 21 32 38 64 73 81
1 2 3 4 8 13 16 21 32 38 64 73 98
1 2 3 4 8 13 16 21 32 38 64 75 83
1 2 3 4 8 13 16 21 32 38 64 88 104
1 2 3 4 8 13 16 21 32 41 49 64 88
1 2 3 4 8 13 16 21 32 41 49 64 125
1 2 3 4 8 13 16 21 32 41 64 82 99
1 2 3 4 8 13 16 21 32 42 50 64 88
1 2 3 4 8 13 16 21 32 42 50 64 100
1 2 3 4 8 13 16 21 32 42 50 64 103
1 2 3 4 8 16 28 32 44 64 84 100 125
1 2 4 7 8 11 16 19 32 35 64 69 73
1 2 4 7 8 11 16 19 32 37 41 64 69
1 2 4 7 8 11 16 19 32 37 41 64 81
1 2 4 7 8 11 16 19 32 37 41 64 97
1 2 4 7 8 11 16 19 32 37 41 64 113
1 2 4 7 8 11 16 19 32 37 64 88 105
1 2 4 7 8 11 16 21 25 31 32 64 97
1 2 4 7 8 11 16 21 25 32 63 64 95
1 2 4 7 8 11 16 21 32 41 64 76 112
1 2 4 7 8 11 16 21 32 41 64 81 97
