13
8
2
1267
1 2 4 8 12 16 32 48 64 85 128 170 192
1 2 4 8 12 16 32 48 64 87 128 170 192
1 2 4 8 12 16 32 48 64 89 128 170 192
1 2 4 8 12 16 32 48 64 105 128 170 192
1 2 4 8 16 32 36 56 64 73 128 146 192
1 2 4 8 16 32 38 56 64 75 128 149 192
1 2 4 8 16 32 40 48 64 101 128 134 192
1 2 4 8 16 32 36 56 64 105 128 146 192
1 2 4 8 16 32 40 48 64 67 128 164 192
1 2 4 8 16 32 40 48 64 99 128 164 192
1 2 4 8 16 32 40 48 64 101 128 166 192
1 2 4 8 16 32 44 48 64 105 128 170 192
1 2 4 8 16 32 52 56 64 113 128 178 192
1 2 4 8 12 16 32 48 64 128 169 170 192
1 2 4 8 16 32 36 48 64 83 128 136 192
1 2 4 8 16 32 38 48 64 85 128 136 192
1 2 4 8 16 32 42 48 64 85 128 140 192
1 2 4 8 16 32 42 48 64 87 128 140 192
1 2 4 8 16 32 42 48 64 89 128 140 192
1 2 4 8 16 32 42 48 64 105 128 140 192
1 2 4 8 16 32 50 56 64 105 128 132 192
1 2 4 6 8 16 32 48 64 69 128 168 192
1 2 4 6 8 16 32 48 64 85 128 168 192
1 2 4 6 8 16 32 48 64 93 128 168 192
1 2 4 8 10 16 32 48 64 85 128 172 192
1 2 4 6 8 16 32 48 64 101 128 168 192
1 2 4 8 16 32 34 56 64 77 128 180 192
1 2 4 8 16 32 38 48 64 101 128 168 192
1 2 4 8 16 32 50 56 64 105 128 164 192
1 2 4 8 16 19 32 48 64 100 128 136 192
1 2 4 8 16 23 32 48 64 106 128 140 192
1 2 4 8 16 21 32 48 64 70 128 168 192
1 2 4 8 16 27 32 48 64 68 128 168 192
1 2 4 8 16 29 32 48 64 70 128 168 192
1 2 4 8 16 21 32 48 64 74 128 172 192
1 2 4 8 11 16 32 48 64 84 128 168 192
1 2 4 8 15 16 32 48 64 84 128 168 192
1 2 4 7 8 16 32 48 64 92 128 168 192
1 2 4 7 8 16 32 48 64 90 128 172 192
1 2 4 8 16 32 37 48 64 70 128 168 192
1 2 4 8 16 32 41 56 64 82 128 164 192
1 2 4 8 16 19 32 48 64 100 128 168 192
1 2 4 8 16 27 32 48 64 100 128 168 192
1 2 4 8 13 16 32 56 64 98 128 180 192
1 2 4 8 16 32 35 48 64 100 128 168 192
1 2 4 8 16 32 48 64 83 100 128 136 192
1 2 4 8 16 32 48 64 85 102 128 136 192
1 2 4 8 16 32 48 64 89 106 128 140 192
1 2 4 8 16 32 48 64 105 106 128 140 192
1 2 4 8 16 32 48 64 70 85 128 168 192
1 2 4 8 16 32 48 64 68 91 128 168 192
1 2 4 8 16 32 48 64 70 93 128 168 192
1 2 4 8 16 32 48 64 67 92 128 168 192
1 2 4 8 16 32 48 64 71 92 128 168 192
1 2 4 8 16 32 48 64 85 86 128 168 192
1 2 4 8 16 32 48 64 84 91 128 168 192
1 2 4 8 16 32 48 64 86 93 128 168 192
1 2 4 8 16 32 48 64 83 92 128 168 192
1 2 4 8 16 32 48 64 91 92 128 168 192
1 2 4 8 16 32 48 64 93 94 128 168 192
1 2 4 8 16 32 48 64 70 101 128 168 192
1 2 4 8 16 32 48 64 84 99 128 168 192
1 2 4 8 16 32 48 64 85 102 128 168 192
1 2 4 8 16 32 48 64 101 102 128 168 192
1 2 4 8 16 32 42 48 64 128 140 169 192
1 2 4 6 8 16 32 48 64 128 133 168 192
1 2 4 6 8 16 32 48 64 128 165 168 192
1 2 4 8 16 32 48 64 100 128 136 147 192
1 2 4 8 16 32 48 64 70 128 149 168 192
1 2 4 8 16 32 48 64 74 128 149 172 192
1 2 4 8 16 32 48 64 84 128 131 168 192
1 2 4 8 16 32 48 64 84 128 139 168 192
1 2 4 8 16 32 48 64 88 128 135 168 192
1 2 4 8 16 32 48 64 92 128 131 168 192
1 2 4 8 16 32 48 64 70 128 165 168 192
1 2 4 8 16 32 48 64 84 128 163 168 192
1 2 4 8 16 32 48 64 88 128 167 168 192
1 2 4 8 16 32 48 64 92 128 163 168 192
1 2 4 8 16 32 56 64 82 128 164 169 192
1 2 4 8 16 32 48 64 100 128 131 168 192
1 2 4 8 16 32 48 64 100 128 147 168 192
1 2 4 8 16 32 48 64 106 128 149 172 192
1 2 4 8 16 32 48 64 106 128 153 172 192
1 2 4 8 16 32 48 64 100 128 163 168 192
1 2 4 8 16 24 32 64 82 128 148 177 224
1 2 4 8 16 32 48 64 100 128 136 192 211
1 2 4 8 16 32 48 64 102 128 136 192 213
1 2 4 8 16 32 48 64 106 128 140 192 213
1 2 4 8 16 32 48 64 70 128 168 192 197
1 2 4 8 16 32 48 64 70 128 168 192 213
1 2 4 8 16 32 48 64 74 128 172 192 213
1 2 4 8 16 32 48 64 84 128 168 192 195
1 2 4 8 16 32 48 64 84 128 168 192 203
1 2 4 8 16 32 48 64 84 128 168 192 207
1 2 4 8 16 32 48 64 86 128 168 192 205
1 2 4 8 16 32 48 64 90 128 172 192 199
1 2 4 8 16 32 56 64 82 128 164 192 201
1 2 4 8 16 32 48 64 70 128 168 192 229
1 2 4 8 16 32 48 64 84 128 168 192 243
1 2 4 8 16 32 48 64 86 128 168 192 245
1 2 4 8 16 32 48 64 90 128 172 192 245
1 2 4 8 16 32 48 64 100 128 168 192 195
1 2 4 8 16 32 37 48 64 128 134 168 192
1 2 4 8 16 32 48 64 83 128 136 164 192
1 2 4 8 16 32 48 64 85 128 136 166 192
1 2 4 8 16 32 48 64 89 128 140 170 192
1 2 4 8 16 32 48 64 105 128 140 170 192
1 2 4 8 16 32 48 64 69 128 134 168 192
1 2 4 8 16 32 48 64 91 128 132 168 192
1 2 4 8 16 32 48 64 85 128 138 172 192
1 2 4 8 16 32 56 64 105 128 146 164 192
1 2 4 8 16 32 48 64 67 128 164 168 192
1 2 4 8 16 32 48 64 83 128 164 168 192
1 2 4 8 16 32 48 64 85 128 166 168 192
1 2 4 8 16 32 48 64 91 128 164 168 192
1 2 4 8 16 32 48 64 85 128 170 172 192
1 2 4 8 16 32 48 64 89 128 170 172 192
1 2 4 8 16 32 56 64 77 128 162 180 192
1 2 4 8 16 32 48 64 99 128 164 168 192
1 2 4 8 16 32 48 64 101 128 166 168 192
1 2 4 8 16 32 48 64 105 128 170 172 192
1 2 4 8 16 32 56 64 113 128 178 180 192
1 2 4 8 16 32 48 64 128 140 169 170 192
1 2 4 8 16 32 48 64 128 133 134 168 192
1 2 4 8 16 32 48 64 128 134 165 168 192
1 2 4 8 16 32 48 64 128 131 164 168 192
1 2 4 8 16 32 48 64 128 163 164 168 192
1 2 4 8 16 32 48 64 128 165 166 168 192
1 2 4 8 16 32 48 64 128 169 170 172 192
1 2 4 8 16 24 32 64 128 141 162 212 224
1 2 4 8 16 24 32 64 128 169 178 196 224
1 2 4 6 8 16 24 32 64 85 128 160 192
1 2 4 8 16 20 24 32 64 83 128 160 192
1 2 4 8 16 22 24 32 64 85 128 160 192
1 2 4 8 16 26 28 32 64 89 128 160 192
1 2 4 6 8 16 24 32 64 117 128 160 192
1 2 4 8 16 20 24 32 64 107 128 160 192
1 2 4 8 16 20 24 32 64 111 128 160 192
1 2 4 8 16 22 24 32 64 109 128 160 192
1 2 4 8 16 20 24 32 64 115 128 160 192
1 2 4 8 16 22 24 32 64 117 128 160 192
1 2 4 8 16 26 28 32 64 117 128 160 192
1 2 4 8 16 26 28 32 64 121 128 160 192
1 2 4 8 12 16 32 42 64 89 128 176 192
1 2 4 6 8 16 32 40 64 85 128 176 192
1 2 4 8 10 16 32 44 64 85 128 176 192
1 2 4 8 16 18 32 36 64 73 128 184 192
1 2 4 8 16 18 32 36 64 105 128 184 192
1 2 4 8 16 32 36 40 64 83 128 176 192
1 2 4 8 16 32 38 40 64 85 128 176 192
1 2 4 8 16 32 42 44 64 85 128 176 192
1 2 4 8 16 32 42 44 64 89 128 176 192
1 2 4 8 16 32 42 44 64 105 128 176 192
1 2 4 8 16 32 36 50 64 105 128 184 192
1 2 4 8 16 32 50 52 64 105 128 184 192
1 2 4 8 16 21 24 32 64 70 128 160 192
1 2 4 8 16 19 24 32 64 84 128 160 192
1 2 4 8 16 24 32 53 64 70 128 160 192
1 2 4 8 16 24 32 35 64 84 128 160 192
1 2 4 8 16 24 32 43 64 84 128 160 192
1 2 4 8 16 24 32 47 64 84 128 160 192
1 2 4 8 16 24 32 45 64 86 128 160 192
1 2 4 8 16 24 32 51 64 84 128 160 192
1 2 4 8 16 24 32 53 64 86 128 160 192
1 2 4 8 16 28 32 57 64 90 128 160 192
1 2 4 8 16 21 24 32 64 102 128 160 192
1 2 4 8 11 16 24 32 64 116 128 160 192
1 2 4 8 15 16 24 32 64 116 128 160 192
1 2 4 8 16 19 24 32 64 116 128 160 192
1 2 4 8 16 21 32 40 64 70 128 176 192
1 2 4 8 16 21 32 44 64 74 128 176 192
1 2 4 8 11 16 32 40 64 84 128 176 192
1 2 4 8 15 16 32 40 64 84 128 176 192
1 2 4 7 8 16 32 44 64 90 128 176 192
1 2 4 8 16 32 35 40 64 84 128 176 192
1 2 4 8 16 32 36 41 64 82 128 184 192
1 2 4 8 16 19 32 40 64 100 128 176 192
1 2 4 8 16 21 32 40 64 102 128 176 192
1 2 4 8 16 25 32 44 64 106 128 176 192
1 2 4 8 16 32 39 52 64 106 128 184 192
1 2 4 8 16 32 41 52 64 114 128 184 192
1 2 4 8 12 16 32 41 64 74 128 144 224
1 2 4 8 16 24 32 64 70 85 128 160 192
1 2 4 8 16 24 32 64 67 84 128 160 192
1 2 4 8 16 24 32 64 83 84 128 160 192
1 2 4 8 16 24 32 64 85 86 128 160 192
1 2 4 8 16 28 32 64 89 90 128 160 192
1 2 4 8 16 24 32 64 70 117 128 160 192
1 2 4 8 16 24 32 64 84 99 128 160 192
1 2 4 8 16 24 32 64 84 107 128 160 192
1 2 4 8 16 24 32 64 86 109 128 160 192
1 2 4 8 16 24 32 64 84 115 128 160 192
1 2 4 8 16 24 32 64 86 117 128 160 192
1 2 4 8 16 28 32 64 90 121 128 160 192
1 2 4 8 16 24 32 64 85 102 128 160 192
1 2 4 8 16 24 32 64 67 116 128 160 192
1 2 4 8 16 24 32 64 75 116 128 160 192
1 2 4 8 16 24 32 64 79 116 128 160 192
1 2 4 8 16 24 32 64 83 116 128 160 192
1 2 4 8 16 24 32 64 102 117 128 160 192
1 2 4 8 16 24 32 64 99 116 128 160 192
1 2 4 8 16 24 32 64 107 116 128 160 192
1 2 4 8 16 24 32 64 109 118 128 160 192
1 2 4 8 16 24 32 64 115 116 128 160 192
1 2 4 8 16 24 32 64 117 118 128 160 192
1 2 4 8 16 28 32 64 121 122 128 160 192
1 2 4 8 16 32 40 64 70 85 128 176 192
1 2 4 8 16 32 40 64 67 84 128 176 192
1 2 4 8 16 32 40 64 85 86 128 176 192
1 2 4 8 16 32 40 64 84 91 128 176 192
1 2 4 8 16 32 40 64 86 93 128 176 192
1 2 4 8 16 32 40 64 83 92 128 176 192
1 2 4 8 16 32 40 64 84 115 128 176 192
1 2 4 8 16 32 40 64 86 117 128 176 192
1 2 4 8 16 32 44 64 90 117 128 176 192
1 2 4 8 16 32 44 64 105 106 128 176 192
1 2 4 8 16 21 22 32 64 88 128 160 192
1 2 4 8 12 16 32 43 64 80 128 160 192
1 2 4 8 14 16 32 45 64 80 128 160 192
1 2 4 8 12 16 32 59 64 80 128 160 192
1 2 4 8 14 16 32 61 64 80 128 160 192
1 2 4 8 16 20 32 43 64 88 128 160 192
1 2 4 8 16 22 32 45 64 88 128 160 192
1 2 4 8 16 22 32 53 64 88 128 160 192
1 2 4 8 16 26 32 53 64 92 128 160 192
1 2 4 8 11 16 32 44 64 80 128 160 192
1 2 4 8 16 23 32 40 64 80 128 160 192
1 2 4 8 16 19 32 44 64 80 128 160 192
1 2 4 8 16 31 32 40 64 80 128 160 192
1 2 4 8 16 27 32 44 64 80 128 160 192
1 2 4 8 16 29 32 46 64 80 128 160 192
1 2 4 8 16 21 32 38 64 88 128 160 192
1 2 4 8 15 16 32 56 64 80 128 160 192
1 2 4 8 11 16 32 60 64 80 128 160 192
1 2 4 8 11 16 32 52 64 88 128 160 192
1 2 4 8 15 16 32 52 64 88 128 160 192
1 2 4 8 16 19 32 52 64 88 128 160 192
1 2 4 8 16 19 32 36 64 72 128 176 192
1 2 4 8 16 21 32 38 64 72 128 176 192
1 2 4 8 16 21 32 42 64 76 128 176 192
1 2 4 8 16 23 32 42 64 76 128 176 192
1 2 4 8 16 32 35 44 64 80 128 160 192
1 2 4 8 16 32 43 44 64 80 128 160 192
1 2 4 8 16 32 40 55 64 80 128 160 192
1 2 4 8 16 32 44 51 64 80 128 160 192
1 2 4 8 16 32 44 59 64 80 128 160 192
1 2 4 8 16 32 39 56 64 80 128 160 192
1 2 4 8 16 32 47 56 64 80 128 160 192
1 2 4 8 16 32 43 60 64 80 128 160 192
1 2 4 8 16 32 55 56 64 80 128 160 192
1 2 4 8 16 32 51 60 64 80 128 160 192
1 2 4 8 16 32 59 60 64 80 128 160 192
1 2 4 8 16 32 53 54 64 88 128 160 192
1 2 4 8 16 32 41 42 64 76 128 176 192
1 2 4 8 16 32 41 50 64 68 128 184 192
1 2 4 8 12 16 27 32 64 112 128 160 192
1 2 4 8 14 16 29 32 64 112 128 160 192
1 2 4 8 15 16 24 32 64 112 128 160 192
1 2 4 8 11 16 28 32 64 112 128 160 192
1 2 4 8 11 16 20 32 64 120 128 160 192
1 2 4 8 13 16 22 32 64 120 128 160 192
1 2 4 8 16 23 24 32 64 112 128 160 192
1 2 4 8 16 19 28 32 64 112 128 160 192
1 2 4 8 16 27 28 32 64 112 128 160 192
1 2 4 8 16 21 22 32 64 120 128 160 192
1 2 4 8 16 21 26 32 64 124 128 160 192
1 2 4 6 8 16 21 32 64 104 128 176 192
1 2 4 6 8 16 29 32 64 104 128 176 192
1 2 4 8 10 16 21 32 64 108 128 176 192
1 2 4 8 11 16 20 32 64 104 128 176 192
1 2 4 8 13 16 22 32 64 104 128 176 192
1 2 4 7 8 16 28 32 64 104 128 176 192
1 2 4 8 16 21 22 32 64 104 128 176 192
1 2 4 8 16 20 27 32 64 104 128 176 192
1 2 4 8 16 22 29 32 64 104 128 176 192
1 2 4 8 16 19 28 32 64 104 128 176 192
1 2 4 8 16 23 28 32 64 104 128 176 192
1 2 4 8 16 27 28 32 64 104 128 176 192
1 2 4 8 16 29 30 32 64 104 128 176 192
1 2 4 6 8 16 32 37 64 104 128 176 192
1 2 4 8 16 20 32 35 64 104 128 176 192
1 2 4 8 16 24 32 39 64 104 128 176 192
1 2 4 8 16 28 32 35 64 104 128 176 192
1 2 4 8 16 22 32 53 64 104 128 176 192
1 2 4 8 16 21 32 38 64 104 128 176 192
1 2 4 8 16 27 32 36 64 104 128 176 192
1 2 4 8 16 21 32 42 64 108 128 176 192
1 2 4 8 13 16 32 34 64 116 128 184 192
1 2 4 8 16 32 37 38 64 104 128 176 192
1 2 4 8 16 32 37 42 64 116 128 184 192
1 2 4 6 8 16 32 37 64 72 128 144 224
1 2 4 8 16 18 32 41 64 68 128 152 224
1 2 4 8 16 21 32 43 64 70 128 152 224
1 2 4 8 16 19 32 36 64 72 128 144 224
1 2 4 8 16 27 32 36 64 72 128 144 224
1 2 4 8 16 31 32 36 64 72 128 144 224
1 2 4 8 16 29 32 38 64 72 128 144 224
1 2 4 8 16 23 32 42 64 76 128 144 224
1 2 4 8 13 16 32 34 64 84 128 152 224
1 2 4 7 8 16 32 42 64 84 128 152 224
1 2 3 4 8 16 32 46 64 84 128 152 224
1 2 4 8 16 17 32 34 64 68 128 136 240
1 2 4 8 16 32 37 38 64 72 128 144 224
1 2 4 8 16 32 38 53 64 72 128 144 224
1 2 4 8 16 32 36 59 64 72 128 144 224
1 2 4 8 16 32 38 61 64 72 128 144 224
1 2 4 8 16 32 43 52 64 72 128 144 224
1 2 4 8 16 32 35 60 64 72 128 144 224
1 2 4 8 16 32 39 60 64 72 128 144 224
1 2 4 8 16 32 34 45 64 84 128 152 224
1 2 4 8 16 32 35 46 64 84 128 152 224
1 2 4 8 16 32 42 45 64 84 128 152 224
1 2 4 8 16 32 45 46 64 84 128 152 224
1 2 4 8 16 22 32 64 85 88 128 160 192
1 2 4 8 12 16 32 64 80 107 128 160 192
1 2 4 8 14 16 32 64 80 109 128 160 192
1 2 4 8 16 20 32 64 88 107 128 160 192
1 2 4 8 16 22 32 64 88 109 128 160 192
1 2 4 8 16 22 32 64 88 117 128 160 192
1 2 4 8 16 32 40 64 71 80 128 160 192
1 2 4 8 16 32 44 64 75 80 128 160 192
1 2 4 8 16 32 38 64 85 88 128 160 192
1 2 4 8 16 32 52 64 67 88 128 160 192
1 2 4 8 16 32 52 64 75 88 128 160 192
1 2 4 8 16 32 52 64 83 88 128 160 192
1 2 4 8 16 32 36 64 72 83 128 176 192
1 2 4 8 16 32 38 64 72 85 128 176 192
1 2 4 8 16 32 42 64 76 89 128 176 192
1 2 4 8 16 32 40 64 80 103 128 160 192
1 2 4 8 16 32 44 64 80 99 128 160 192
1 2 4 8 16 32 44 64 80 107 128 160 192
1 2 4 8 16 32 38 64 88 117 128 160 192
1 2 4 8 16 32 48 64 80 111 128 160 192
1 2 4 8 16 32 56 64 80 103 128 160 192
1 2 4 8 16 32 60 64 80 107 128 160 192
1 2 4 8 16 32 52 64 88 99 128 160 192
1 2 4 8 16 32 52 64 88 107 128 160 192
1 2 4 8 16 32 54 64 88 109 128 160 192
1 2 4 8 16 32 50 64 68 105 128 184 192
1 2 4 8 12 16 32 64 75 112 128 160 192
1 2 4 8 14 16 32 64 77 112 128 160 192
1 2 4 8 12 16 32 64 91 112 128 160 192
1 2 4 8 14 16 32 64 93 112 128 160 192
1 2 4 8 16 24 32 64 71 112 128 160 192
1 2 4 8 16 24 32 64 79 112 128 160 192
1 2 4 8 16 28 32 64 75 112 128 160 192
1 2 4 8 16 20 32 64 75 120 128 160 192
1 2 4 8 16 22 32 64 77 120 128 160 192
1 2 4 8 16 24 32 64 87 112 128 160 192
1 2 4 8 16 28 32 64 83 112 128 160 192
1 2 4 8 16 28 32 64 91 112 128 160 192
1 2 4 8 16 22 32 64 85 120 128 160 192
1 2 4 8 16 26 32 64 85 124 128 160 192
1 2 4 8 16 20 32 64 75 104 128 176 192
1 2 4 8 12 16 32 64 107 112 128 160 192
1 2 4 8 14 16 32 64 109 112 128 160 192
1 2 4 8 16 24 32 64 103 112 128 160 192
1 2 4 8 16 24 32 64 111 112 128 160 192
1 2 4 8 16 28 32 64 107 112 128 160 192
1 2 4 8 16 20 32 64 107 120 128 160 192
1 2 4 8 16 22 32 64 109 120 128 160 192
1 2 4 8 16 24 32 64 112 119 128 160 192
1 2 4 8 16 28 32 64 112 115 128 160 192
1 2 4 8 16 28 32 64 112 123 128 160 192
1 2 4 8 16 22 32 64 117 120 128 160 192
1 2 4 8 16 20 32 64 99 104 128 176 192
1 2 4 8 16 22 32 64 104 117 128 176 192
1 2 4 8 16 26 32 64 108 117 128 176 192
1 2 4 8 16 32 50 64 100 105 128 184 192
1 2 4 8 16 32 36 64 72 83 128 144 224
1 2 4 8 16 32 36 64 72 115 128 144 224
1 2 4 8 16 32 38 64 72 117 128 144 224
1 2 4 8 16 32 42 64 76 117 128 144 224
1 2 4 8 16 32 52 64 72 99 128 144 224
1 2 4 8 16 32 42 64 84 121 128 152 224
1 2 4 8 16 21 32 64 70 88 128 160 192
1 2 4 8 16 19 32 64 84 88 128 160 192
1 2 4 8 16 32 39 64 72 80 128 160 192
1 2 4 8 16 32 35 64 76 80 128 160 192
1 2 4 8 16 32 43 64 76 80 128 160 192
1 2 4 8 16 32 45 64 78 80 128 160 192
1 2 4 8 16 32 35 64 84 88 128 160 192
1 2 4 8 16 32 43 64 84 88 128 160 192
1 2 4 8 16 32 51 64 84 88 128 160 192
1 2 4 8 16 32 53 64 86 88 128 160 192
1 2 4 8 11 16 32 64 80 108 128 160 192
1 2 4 8 16 23 32 64 80 104 128 160 192
1 2 4 8 16 31 32 64 80 104 128 160 192
1 2 4 8 16 27 32 64 80 108 128 160 192
1 2 4 8 16 21 32 64 88 102 128 160 192
1 2 4 8 11 16 32 64 88 116 128 160 192
1 2 4 8 15 16 32 64 88 116 128 160 192
1 2 4 8 16 19 32 64 88 116 128 160 192
1 2 4 8 16 19 32 64 72 100 128 176 192
1 2 4 8 16 32 39 64 80 104 128 160 192
1 2 4 8 16 32 43 64 80 108 128 160 192
1 2 4 8 16 32 55 64 80 104 128 160 192
1 2 4 8 16 32 51 64 80 108 128 160 192
1 2 4 8 16 32 59 64 80 108 128 160 192
1 2 4 8 16 32 53 64 88 102 128 160 192
1 2 4 8 16 32 35 64 88 116 128 160 192
1 2 4 8 16 32 43 64 88 116 128 160 192
1 2 4 8 11 16 32 64 76 112 128 160 192
1 2 4 8 16 23 32 64 72 112 128 160 192
1 2 4 8 16 19 32 64 76 112 128 160 192
1 2 4 8 16 27 32 64 76 112 128 160 192
1 2 4 8 16 29 32 64 78 112 128 160 192
1 2 4 8 15 16 32 64 88 112 128 160 192
1 2 4 8 11 16 32 64 92 112 128 160 192
1 2 4 8 11 16 32 64 84 120 128 160 192
1 2 4 8 16 23 32 64 88 112 128 160 192
1 2 4 8 16 27 32 64 92 112 128 160 192
1 2 4 8 16 21 32 64 74 108 128 176 192
1 2 4 8 16 32 35 64 76 112 128 160 192
1 2 4 8 16 32 43 64 76 112 128 160 192
1 2 4 8 16 32 45 64 78 112 128 160 192
1 2 4 8 16 32 43 64 84 120 128 160 192
1 2 4 8 16 32 45 64 86 120 128 160 192
1 2 4 8 11 16 32 64 108 112 128 160 192
1 2 4 8 16 23 32 64 104 112 128 160 192
1 2 4 8 16 19 32 64 108 112 128 160 192
1 2 4 8 16 31 32 64 104 112 128 160 192
1 2 4 8 16 27 32 64 108 112 128 160 192
1 2 4 8 16 29 32 64 110 112 128 160 192
1 2 4 8 16 21 32 64 102 120 128 160 192
1 2 4 8 11 16 32 64 116 120 128 160 192
1 2 4 8 15 16 32 64 116 120 128 160 192
1 2 4 8 16 19 32 64 116 120 128 160 192
1 2 4 8 16 19 32 64 100 104 128 176 192
1 2 4 8 16 21 32 64 102 104 128 176 192
1 2 4 8 16 21 32 64 106 108 128 176 192
1 2 4 8 16 25 32 64 106 108 128 176 192
1 2 4 8 16 32 41 64 114 116 128 184 192
1 2 4 8 16 32 41 64 74 76 128 144 224
1 2 4 8 16 32 41 64 68 82 128 152 224
1 2 4 8 16 32 41 64 82 84 128 152 224
1 2 4 8 16 32 64 70 85 88 128 160 192
1 2 4 8 16 32 64 67 84 88 128 160 192
1 2 4 8 16 32 64 83 84 88 128 160 192
1 2 4 8 16 32 64 85 86 88 128 160 192
1 2 4 8 16 32 64 72 80 103 128 160 192
1 2 4 8 16 32 64 76 80 99 128 160 192
1 2 4 8 16 32 64 76 80 107 128 160 192
1 2 4 8 16 32 64 84 88 99 128 160 192
1 2 4 8 16 32 64 84 88 107 128 160 192
1 2 4 8 16 32 64 84 88 115 128 160 192
1 2 4 8 16 32 64 86 88 117 128 160 192
1 2 4 8 16 32 64 71 80 104 128 160 192
1 2 4 8 16 32 64 75 80 108 128 160 192
1 2 4 8 16 32 64 85 88 102 128 160 192
1 2 4 8 16 32 64 67 88 116 128 160 192
1 2 4 8 16 32 64 75 88 116 128 160 192
1 2 4 8 16 32 64 83 88 116 128 160 192
1 2 4 8 16 32 64 80 103 104 128 160 192
1 2 4 8 16 32 64 80 99 108 128 160 192
1 2 4 8 16 32 64 80 107 108 128 160 192
1 2 4 8 16 32 64 88 102 117 128 160 192
1 2 4 8 16 32 64 88 99 116 128 160 192
1 2 4 8 16 32 64 88 115 116 128 160 192
1 2 4 8 16 32 64 88 117 118 128 160 192
1 2 4 8 16 32 64 67 76 112 128 160 192
1 2 4 8 16 32 64 75 76 112 128 160 192
1 2 4 8 16 32 64 72 87 112 128 160 192
1 2 4 8 16 32 64 76 83 112 128 160 192
1 2 4 8 16 32 64 76 91 112 128 160 192
1 2 4 8 16 32 64 71 88 112 128 160 192
1 2 4 8 16 32 64 79 88 112 128 160 192
1 2 4 8 16 32 64 75 92 112 128 160 192
1 2 4 8 16 32 64 87 88 112 128 160 192
1 2 4 8 16 32 64 83 92 112 128 160 192
1 2 4 8 16 32 64 91 92 112 128 160 192
1 2 4 8 16 32 64 85 86 120 128 160 192
1 2 4 8 16 32 64 76 99 112 128 160 192
1 2 4 8 16 32 64 76 107 112 128 160 192
1 2 4 8 16 32 64 88 103 112 128 160 192
1 2 4 8 16 32 64 84 107 120 128 160 192
1 2 4 8 16 32 64 86 117 120 128 160 192
1 2 4 8 16 32 64 71 104 112 128 160 192
1 2 4 8 16 32 64 75 108 112 128 160 192
1 2 4 8 16 32 64 87 104 112 128 160 192
1 2 4 8 16 32 64 83 108 112 128 160 192
1 2 4 8 16 32 64 67 116 120 128 160 192
1 2 4 8 16 32 64 75 116 120 128 160 192
1 2 4 8 16 32 64 83 116 120 128 160 192
1 2 4 8 16 32 64 103 104 112 128 160 192
1 2 4 8 16 32 64 99 108 112 128 160 192
1 2 4 8 16 32 64 107 108 112 128 160 192
1 2 4 8 16 32 64 102 117 120 128 160 192
1 2 4 8 16 32 64 99 116 120 128 160 192
1 2 4 8 16 32 64 107 116 120 128 160 192
1 2 4 8 16 32 64 115 116 120 128 160 192
1 2 4 8 16 32 64 117 118 120 128 160 192
1 2 4 8 16 32 64 105 106 108 128 176 192
1 2 4 6 8 16 24 32 64 128 149 160 192
1 2 4 8 16 20 24 32 64 128 147 160 192
1 2 4 8 16 22 24 32 64 128 149 160 192
1 2 4 8 16 26 28 32 64 128 153 160 192
1 2 4 8 16 32 42 44 64 128 169 176 192
1 2 4 8 16 24 32 64 70 128 149 160 192
1 2 4 8 16 24 32 64 84 128 131 160 192
1 2 4 8 16 24 32 64 84 128 147 160 192
1 2 4 8 16 24 32 64 116 128 131 160 192
1 2 4 8 16 32 40 64 70 128 149 176 192
1 2 4 8 16 32 40 64 84 128 131 176 192
1 2 4 8 16 32 40 64 84 128 139 176 192
1 2 4 8 16 32 40 64 84 128 163 176 192
1 2 4 8 16 32 36 64 82 128 169 184 192
1 2 4 8 16 32 40 64 100 128 147 176 192
1 2 4 8 16 32 44 64 106 128 149 176 192
1 2 4 8 12 16 32 64 74 128 144 169 224
1 2 4 8 16 24 32 64 70 128 160 192 213
1 2 4 8 16 24 32 64 84 128 160 192 195
1 2 4 8 16 24 32 64 84 128 160 192 211
1 2 4 8 16 24 32 64 86 128 160 192 213
1 2 4 8 16 28 32 64 90 128 160 192 217
1 2 4 8 12 16 32 64 106 128 176 192 217
1 2 4 8 16 32 40 64 70 128 176 192 213
1 2 4 8 16 32 44 64 74 128 176 192 213
1 2 4 8 16 32 40 64 84 128 176 192 195
1 2 4 8 16 32 40 64 84 128 176 192 203
1 2 4 8 16 32 40 64 84 128 176 192 207
1 2 4 8 16 32 44 64 90 128 176 192 199
1 2 4 8 16 32 36 64 82 128 184 192 201
1 2 4 8 16 32 40 64 84 128 176 192 227
1 2 4 8 16 32 36 64 82 128 184 192 233
1 2 4 8 16 32 40 64 100 128 176 192 211
1 2 4 8 16 32 40 64 102 128 176 192 213
1 2 4 8 16 32 44 64 106 128 176 192 217
1 2 4 8 12 16 32 64 80 128 139 160 192
1 2 4 8 14 16 32 64 80 128 141 160 192
1 2 4 8 16 22 32 64 88 128 149 160 192
1 2 4 8 16 32 40 64 80 128 135 160 192
1 2 4 8 16 32 44 64 80 128 139 160 192
1 2 4 8 16 32 40 64 80 128 151 160 192
1 2 4 8 16 32 44 64 80 128 147 160 192
1 2 4 8 16 32 40 64 80 128 159 160 192
1 2 4 8 16 32 44 64 80 128 155 160 192
1 2 4 8 16 32 46 64 80 128 157 160 192
1 2 4 8 16 32 38 64 88 128 149 160 192
1 2 4 8 16 32 48 64 80 128 143 160 192
1 2 4 8 16 32 56 64 80 128 135 160 192
1 2 4 8 16 32 52 64 88 128 131 160 192
1 2 4 8 16 32 52 64 88 128 147 160 192
1 2 4 8 16 32 36 64 72 128 147 176 192
1 2 4 8 16 32 38 64 72 128 149 176 192
1 2 4 8 16 32 42 64 76 128 153 176 192
1 2 4 8 16 32 44 64 80 128 160 163 192
1 2 4 8 16 32 44 64 80 128 160 171 192
1 2 4 8 16 32 40 64 80 128 160 183 192
1 2 4 8 16 32 44 64 80 128 160 179 192
1 2 4 8 16 32 44 64 80 128 160 187 192
1 2 4 8 16 32 56 64 80 128 160 167 192
1 2 4 8 16 32 56 64 80 128 160 175 192
1 2 4 8 16 32 60 64 80 128 160 171 192
1 2 4 8 16 32 52 64 88 128 160 171 192
1 2 4 8 16 32 54 64 88 128 160 173 192
1 2 4 8 16 24 32 64 96 128 151 160 192
1 2 4 8 16 28 32 64 96 128 147 160 192
1 2 4 8 16 28 32 64 96 128 155 160 192
1 2 4 8 12 16 32 64 112 128 139 160 192
1 2 4 8 14 16 32 64 112 128 141 160 192
1 2 4 8 16 24 32 64 112 128 135 160 192
1 2 4 6 8 16 32 64 104 128 149 176 192
1 2 4 8 16 28 32 64 104 128 131 176 192
1 2 4 8 16 22 32 64 104 128 149 176 192
1 2 4 8 16 28 32 64 104 128 147 176 192
1 2 4 6 8 16 32 64 104 128 165 176 192
1 2 4 8 16 20 32 64 104 128 163 176 192
1 2 4 8 16 24 32 64 104 128 167 176 192
1 2 4 8 16 28 32 64 104 128 163 176 192
1 2 4 8 16 22 32 64 104 128 176 181 192
1 2 4 8 16 26 32 64 108 128 176 181 192
1 2 4 8 16 32 38 64 104 128 149 176 192
1 2 4 8 16 32 38 64 104 128 165 176 192
1 2 4 8 16 32 50 64 100 128 169 184 192
1 2 4 6 8 16 32 64 72 128 144 165 224
1 2 4 8 16 18 32 64 68 128 152 169 224
1 2 4 8 16 32 36 64 72 128 131 144 224
1 2 4 8 16 32 44 64 84 128 131 152 224
1 2 4 8 16 32 34 64 68 128 136 145 240
1 2 4 8 16 32 38 64 72 128 144 165 224
1 2 4 8 16 32 52 64 72 128 144 171 224
1 2 4 8 16 32 54 64 72 128 144 173 224
1 2 4 8 16 32 60 64 72 128 144 163 224
1 2 4 8 16 32 50 64 68 128 152 169 224
1 2 4 8 12 16 32 64 80 128 160 192 203
1 2 4 8 14 16 32 64 80 128 160 192 205
1 2 4 8 16 22 32 64 88 128 160 192 213
1 2 4 8 16 32 40 64 80 128 160 192 199
1 2 4 8 16 32 44 64 80 128 160 192 203
1 2 4 8 16 32 38 64 88 128 160 192 213
1 2 4 8 16 32 48 64 80 128 160 192 207
1 2 4 8 16 32 56 64 80 128 160 192 199
1 2 4 8 16 32 56 64 80 128 160 192 207
1 2 4 8 16 32 60 64 80 128 160 192 203
1 2 4 8 16 32 52 64 88 128 160 192 195
1 2 4 8 16 32 52 64 88 128 160 192 203
1 2 4 8 16 32 52 64 88 128 160 192 207
1 2 4 8 16 32 36 64 72 128 176 192 211
1 2 4 8 16 32 38 64 72 128 176 192 213
1 2 4 8 16 32 42 64 76 128 176 192 213
1 2 4 8 16 32 40 64 80 128 160 192 231
1 2 4 8 16 32 44 64 80 128 160 192 227
1 2 4 8 16 32 44 64 80 128 160 192 235
1 2 4 8 16 32 38 64 88 128 160 192 245
1 2 4 8 16 32 48 64 80 128 160 192 255
1 2 4 8 16 32 56 64 80 128 160 192 247
1 2 4 8 16 32 60 64 80 128 160 192 243
1 2 4 8 16 32 60 64 80 128 160 192 251
1 2 4 8 16 32 52 64 88 128 160 192 243
1 2 4 8 16 32 54 64 88 128 160 192 245
1 2 4 8 16 32 58 64 92 128 160 192 249
1 2 4 8 16 32 42 64 76 128 176 192 233
1 2 4 6 8 16 32 64 104 128 176 192 213
1 2 4 8 10 16 32 64 108 128 176 192 213
1 2 4 8 16 20 32 64 104 128 176 192 203
1 2 4 8 16 22 32 64 104 128 176 192 205
1 2 4 8 16 28 32 64 104 128 176 192 195
1 2 4 8 16 28 32 64 104 128 176 192 199
1 2 4 8 16 22 32 64 104 128 176 192 213
1 2 4 8 16 20 32 64 104 128 176 192 219
1 2 4 8 16 22 32 64 104 128 176 192 221
1 2 4 8 16 28 32 64 104 128 176 192 219
1 2 4 8 16 30 32 64 104 128 176 192 221
1 2 4 8 16 32 42 64 108 128 176 192 213
1 2 4 8 16 32 36 64 72 128 144 195 224
1 2 4 8 16 32 44 64 84 128 152 195 224
1 2 4 8 16 32 36 64 72 128 144 224 227
1 2 4 8 16 32 38 64 72 128 144 224 229
1 2 4 8 16 32 52 64 72 128 144 224 227
1 2 4 8 16 32 50 64 68 128 152 224 233
1 2 4 8 16 32 42 64 84 128 152 224 229
1 2 4 8 16 32 42 64 84 128 152 224 231
1 2 4 8 16 32 64 84 88 128 131 160 192
1 2 4 8 16 32 64 84 88 128 147 160 192
1 2 4 8 16 32 64 80 104 128 135 160 192
1 2 4 8 16 32 64 80 104 128 151 160 192
1 2 4 8 16 32 64 80 108 128 147 160 192
1 2 4 8 16 32 64 88 116 128 131 160 192
1 2 4 8 16 32 64 88 116 128 139 160 192
1 2 4 8 16 32 64 72 100 128 147 176 192
1 2 4 8 16 32 64 80 104 128 160 167 192
1 2 4 8 16 32 64 80 108 128 160 171 192
1 2 4 8 16 32 64 88 116 128 160 163 192
1 2 4 8 16 32 64 88 116 128 160 179 192
1 2 4 8 16 32 64 76 112 128 139 160 192
1 2 4 8 16 32 64 88 112 128 135 160 192
1 2 4 8 16 32 64 88 112 128 143 160 192
1 2 4 8 16 32 64 92 112 128 139 160 192
1 2 4 8 16 32 64 70 104 128 149 176 192
1 2 4 8 16 32 64 76 112 128 160 163 192
1 2 4 8 16 32 64 84 120 128 160 171 192
1 2 4 8 16 32 64 88 112 128 160 183 192
1 2 4 8 16 32 64 92 112 128 160 179 192
1 2 4 8 16 32 64 104 112 128 135 160 192
1 2 4 8 16 32 64 116 120 128 131 160 192
1 2 4 8 16 32 64 100 104 128 147 176 192
1 2 4 8 16 32 64 74 76 128 144 169 224
1 2 4 8 16 32 64 84 88 128 160 192 195
1 2 4 8 16 32 64 84 88 128 160 192 211
1 2 4 8 16 32 64 86 88 128 160 192 213
1 2 4 8 16 32 64 80 104 128 160 192 199
1 2 4 8 16 32 64 80 108 128 160 192 203
1 2 4 8 16 32 64 88 116 128 160 192 195
1 2 4 8 16 32 64 88 116 128 160 192 211
1 2 4 8 16 32 64 72 100 128 176 192 211
1 2 4 8 16 32 64 72 102 128 176 192 213
1 2 4 8 16 32 64 76 106 128 176 192 217
1 2 4 8 16 32 64 76 112 128 160 192 195
1 2 4 8 16 32 64 76 112 128 160 192 203
1 2 4 8 16 32 64 72 112 128 160 192 215
1 2 4 8 16 32 64 76 112 128 160 192 211
1 2 4 8 16 32 64 88 112 128 160 192 199
1 2 4 8 16 32 64 84 120 128 160 192 203
1 2 4 8 16 32 64 88 112 128 160 192 215
1 2 4 8 16 32 64 92 112 128 160 192 211
1 2 4 8 16 32 64 92 112 128 160 192 219
1 2 4 8 16 32 64 86 120 128 160 192 213
1 2 4 8 16 32 64 90 124 128 160 192 213
1 2 4 8 16 32 64 70 104 128 176 192 213
1 2 4 8 16 32 64 74 108 128 176 192 213
1 2 4 8 16 32 64 100 104 128 176 192 211
1 2 4 8 16 32 64 102 104 128 176 192 213
1 2 4 8 16 32 64 106 108 128 176 192 213
1 2 4 8 16 32 64 106 108 128 176 192 217
1 2 4 8 10 12 16 32 64 128 169 208 224
1 2 4 8 16 21 24 32 64 128 134 160 192
1 2 4 8 16 19 24 32 64 128 148 160 192
1 2 4 8 16 24 32 64 85 128 134 160 192
1 2 4 8 16 24 32 64 67 128 148 160 192
1 2 4 8 16 24 32 64 83 128 148 160 192
1 2 4 8 16 24 32 64 85 128 150 160 192
1 2 4 8 16 28 32 64 89 128 154 160 192
1 2 4 8 16 24 32 64 99 128 148 160 192
1 2 4 8 16 32 36 64 73 128 146 184 192
1 2 4 8 16 32 36 64 105 128 146 184 192
1 2 4 8 16 32 40 64 83 128 164 176 192
1 2 4 8 16 32 44 64 105 128 170 176 192
1 2 4 8 16 32 36 64 105 128 178 184 192
1 2 4 8 16 32 52 64 105 128 178 184 192
1 2 4 8 11 16 32 64 80 128 140 160 192
1 2 4 8 16 32 35 64 80 128 140 160 192
1 2 4 8 16 32 43 64 80 128 140 160 192
1 2 4 8 16 32 45 64 80 128 142 160 192
1 2 4 8 16 32 55 64 80 128 136 160 192
1 2 4 8 16 32 51 64 80 128 140 160 192
1 2 4 8 16 32 53 64 88 128 150 160 192
1 2 4 8 16 19 32 64 72 128 164 176 192
1 2 4 8 16 31 32 64 96 128 144 160 192
1 2 4 8 16 23 32 64 96 128 152 160 192
1 2 4 8 16 27 32 64 96 128 156 160 192
1 2 4 8 11 16 32 64 112 128 140 160 192
1 2 4 8 16 23 32 64 112 128 136 160 192
1 2 4 8 16 19 32 64 112 128 140 160 192
1 2 4 8 16 21 32 64 104 128 134 176 192
1 2 4 8 16 27 32 64 104 128 132 176 192
1 2 4 8 11 16 32 64 104 128 148 176 192
1 2 4 8 16 27 32 64 104 128 148 176 192
1 2 4 8 16 32 37 64 104 128 134 176 192
1 2 4 8 16 32 35 64 104 128 148 176 192
1 2 4 8 16 21 32 64 104 128 166 176 192
1 2 4 8 16 27 32 64 104 128 164 176 192
1 2 4 8 13 16 32 64 116 128 162 184 192
1 2 4 8 16 32 37 64 116 128 170 184 192
1 2 4 8 16 32 37 64 72 128 134 144 224
1 2 4 8 16 32 41 64 68 128 146 152 224
1 2 4 8 16 32 45 64 84 128 130 152 224
1 2 4 8 16 19 32 64 72 128 144 164 224
1 2 4 8 16 27 32 64 72 128 144 164 224
1 2 4 8 13 16 32 64 84 128 152 162 224
1 2 4 8 13 16 32 64 84 128 152 178 224
1 2 4 8 16 32 53 64 72 128 144 166 224
1 2 4 8 16 32 59 64 72 128 144 164 224
1 2 4 8 16 32 45 64 84 128 152 162 224
1 2 4 8 16 32 64 67 80 128 140 160 192
1 2 4 8 16 32 64 75 80 128 140 160 192
1 2 4 8 16 32 64 77 80 128 142 160 192
1 2 4 8 16 32 64 85 88 128 150 160 192
1 2 4 8 16 32 64 80 99 128 140 160 192
1 2 4 8 16 32 64 88 107 128 148 160 192
1 2 4 8 16 32 64 72 83 128 164 176 192
1 2 4 8 16 32 64 76 85 128 170 176 192
1 2 4 8 16 32 64 76 105 128 170 176 192
1 2 4 8 16 32 64 79 96 128 144 160 192
1 2 4 8 16 32 64 71 96 128 152 160 192
1 2 4 8 16 32 64 95 96 128 144 160 192
1 2 4 8 16 32 64 87 96 128 152 160 192
1 2 4 8 16 32 64 83 96 128 156 160 192
1 2 4 8 16 32 64 91 96 128 156 160 192
1 2 4 8 16 32 64 67 112 128 140 160 192
1 2 4 8 16 32 64 75 112 128 140 160 192
1 2 4 8 16 32 64 77 112 128 142 160 192
1 2 4 8 16 32 64 87 112 128 136 160 192
1 2 4 8 16 32 64 83 112 128 140 160 192
1 2 4 8 16 32 64 91 112 128 140 160 192
1 2 4 8 16 32 64 93 112 128 142 160 192
1 2 4 8 16 32 64 69 104 128 134 176 192
1 2 4 8 16 32 64 75 104 128 148 176 192
1 2 4 8 16 32 64 77 104 128 150 176 192
1 2 4 8 16 32 64 96 111 128 144 160 192
1 2 4 8 16 32 64 96 103 128 152 160 192
1 2 4 8 16 32 64 99 112 128 140 160 192
1 2 4 8 16 32 64 99 104 128 148 176 192
1 2 4 8 16 32 64 101 104 128 166 176 192
1 2 4 8 16 32 64 100 105 128 178 184 192
1 2 4 8 16 32 64 72 83 128 144 164 224
1 2 4 8 16 32 64 68 81 128 136 162 240
1 2 4 8 16 32 64 72 99 128 144 164 224
1 2 4 8 16 32 64 72 115 128 144 164 224
1 2 4 8 16 32 64 76 117 128 144 170 224
1 2 4 8 16 32 64 68 105 128 152 178 224
1 2 4 8 11 16 32 64 80 128 160 192 204
1 2 4 8 16 21 32 64 88 128 160 192 198
1 2 4 8 16 19 32 64 88 128 160 192 212
1 2 4 8 16 32 39 64 80 128 160 192 200
1 2 4 8 16 32 35 64 80 128 160 192 204
1 2 4 8 16 32 43 64 80 128 160 192 204
1 2 4 8 16 32 45 64 80 128 160 192 206
1 2 4 8 16 32 55 64 80 128 160 192 200
1 2 4 8 16 32 51 64 80 128 160 192 204
1 2 4 8 16 32 63 64 80 128 160 192 200
1 2 4 8 16 32 59 64 80 128 160 192 204
1 2 4 8 16 32 61 64 80 128 160 192 206
1 2 4 8 16 32 53 64 88 128 160 192 198
1 2 4 8 16 32 35 64 88 128 160 192 212
1 2 4 8 16 32 43 64 88 128 160 192 212
1 2 4 8 16 32 47 64 88 128 160 192 212
1 2 4 8 16 32 45 64 88 128 160 192 214
1 2 4 8 16 19 32 64 72 128 176 192 228
1 2 4 8 16 23 32 64 76 128 176 192 234
1 2 4 8 16 21 32 64 104 128 176 192 198
1 2 4 8 16 27 32 64 104 128 176 192 196
1 2 4 8 16 29 32 64 104 128 176 192 198
1 2 4 8 16 21 32 64 108 128 176 192 202
1 2 4 8 11 16 32 64 104 128 176 192 212
1 2 4 8 15 16 32 64 104 128 176 192 212
1 2 4 7 8 16 32 64 108 128 176 192 218
1 2 4 8 16 19 32 64 104 128 176 192 220
1 2 4 8 16 23 32 64 104 128 176 192 220
1 2 4 8 16 32 35 64 104 128 176 192 212
1 2 4 8 16 32 41 64 100 128 184 192 210
1 2 4 8 16 32 51 64 104 128 176 192 212
1 2 4 8 16 32 35 64 72 128 144 196 224
1 2 4 8 16 32 37 64 72 128 144 198 224
1 2 4 8 16 32 41 64 76 128 144 202 224
1 2 4 8 16 32 45 64 84 128 152 194 224
1 2 4 8 16 32 64 85 88 128 160 192 198
1 2 4 8 16 32 64 67 88 128 160 192 212
1 2 4 8 16 32 64 83 88 128 160 192 212
1 2 4 8 16 32 64 80 103 128 160 192 200
1 2 4 8 16 32 64 80 99 128 160 192 204
1 2 4 8 16 32 64 80 107 128 160 192 204
1 2 4 8 16 32 64 88 117 128 160 192 198
1 2 4 8 16 32 64 88 99 128 160 192 212
1 2 4 8 16 32 64 88 115 128 160 192 212
1 2 4 8 16 32 64 88 117 128 160 192 214
1 2 4 8 16 32 64 72 83 128 176 192 228
1 2 4 8 16 32 64 67 104 128 176 192 212
1 2 4 8 16 32 64 75 104 128 176 192 212
1 2 4 8 16 32 64 99 104 128 176 192 212
1 2 4 8 16 32 64 100 105 128 184 192 210
1 2 4 8 16 32 64 81 100 128 136 226 240
1 2 4 8 12 16 32 41 64 128 138 208 224
1 2 4 8 16 20 32 41 64 128 146 216 224
1 2 4 8 16 24 32 64 128 134 149 160 192
1 2 4 8 16 24 32 64 128 131 148 160 192
1 2 4 8 16 24 32 64 128 147 148 160 192
1 2 4 8 16 24 32 64 128 149 150 160 192
1 2 4 8 16 28 32 64 128 153 154 160 192
1 2 4 8 16 32 44 64 128 169 170 176 192
1 2 4 8 16 32 64 80 128 131 140 160 192
1 2 4 8 16 32 64 80 128 139 140 160 192
1 2 4 8 16 32 64 88 128 149 150 160 192
1 2 4 8 16 32 64 72 128 147 164 176 192
1 2 4 8 16 32 64 76 128 169 170 176 192
1 2 4 8 16 32 64 96 128 143 144 160 192
1 2 4 8 16 32 64 96 128 135 152 160 192
1 2 4 8 16 32 64 96 128 151 152 160 192
1 2 4 8 16 32 64 96 128 147 156 160 192
1 2 4 8 16 32 64 112 128 131 140 160 192
1 2 4 8 16 32 64 112 128 139 140 160 192
1 2 4 8 16 32 64 104 128 134 149 176 192
1 2 4 8 16 32 64 104 128 149 150 176 192
1 2 4 8 16 32 64 104 128 134 165 176 192
1 2 4 8 16 32 64 104 128 148 163 176 192
1 2 4 8 16 32 64 104 128 165 166 176 192
1 2 4 8 16 32 64 100 128 169 178 184 192
1 2 4 8 16 32 64 72 128 134 144 165 224
1 2 4 8 16 32 64 68 128 146 152 169 224
1 2 4 8 16 32 64 72 128 131 144 164 224
1 2 4 8 16 32 64 68 128 136 145 162 240
1 2 4 8 16 32 64 72 128 144 165 166 224
1 2 4 8 16 32 64 80 128 140 160 192 195
1 2 4 8 16 32 64 80 128 140 160 192 203
1 2 4 8 16 32 64 72 128 164 176 192 211
1 2 4 8 16 32 64 104 128 134 176 192 197
1 2 4 8 16 32 64 104 128 148 176 192 203
1 2 4 8 16 32 64 104 128 150 176 192 213
1 2 4 8 16 32 64 104 128 148 176 192 219
1 2 4 8 16 32 64 104 128 150 176 192 221
1 2 4 8 16 32 64 108 128 170 176 192 213
1 2 4 8 16 32 64 72 128 144 164 195 224
1 2 4 8 16 32 64 84 128 152 178 201 224
1 2 4 8 16 32 64 68 128 136 162 209 240
1 2 4 8 16 32 64 80 128 135 160 192 200
1 2 4 8 16 32 64 80 128 139 160 192 204
1 2 4 8 16 32 64 88 128 149 160 192 198
1 2 4 8 16 32 64 88 128 131 160 192 212
1 2 4 8 16 32 64 72 128 147 176 192 228
1 2 4 8 16 32 64 104 128 131 176 192 212
1 2 4 8 16 32 64 104 128 147 176 192 220
1 2 4 8 16 32 64 104 128 151 176 192 220
1 2 4 8 16 32 64 104 128 165 176 192 198
1 2 4 8 16 32 64 104 128 163 176 192 212
1 2 4 8 16 32 64 104 128 176 179 192 212
1 2 4 8 16 32 64 72 128 144 163 196 224
1 2 4 8 16 32 64 68 128 152 169 210 224
1 2 4 8 16 32 64 80 128 160 192 195 204
1 2 4 8 16 32 64 80 128 160 192 203 204
1 2 4 8 16 32 64 88 128 160 192 213 214
1 2 4 8 16 32 64 76 128 176 192 233 234
1 2 4 8 16 32 64 104 128 176 192 198 213
1 2 4 8 16 32 64 104 128 176 192 203 212
1 2 4 8 16 32 64 104 128 176 192 213 214
1 2 4 8 16 32 64 104 128 176 192 212 219
1 2 4 8 16 32 64 104 128 176 192 214 221
1 2 4 8 16 32 64 104 128 176 192 211 220
1 2 4 8 16 32 64 68 128 136 209 226 240
1 2 4 8 12 16 32 64 128 138 169 208 224
1 2 4 8 12 16 32 64 128 149 170 208 224
1 2 4 8 12 16 32 64 128 151 170 208 224
1 2 4 8 12 16 32 64 128 153 170 208 224
1 2 4 8 12 16 32 64 128 169 170 208 224
1 2 4 8 12 16 32 64 128 201 202 208 224
1 2 4 8 16 21 22 32 64 128 152 160 192
1 2 4 8 16 32 41 42 64 128 140 176 192
1 2 4 6 8 16 32 37 64 128 168 176 192
1 2 4 8 16 32 37 38 64 128 168 176 192
1 2 4 8 12 16 32 64 75 128 144 160 192
1 2 4 8 14 16 32 64 77 128 144 160 192
1 2 4 8 16 22 32 64 85 128 152 160 192
1 2 4 8 12 16 32 64 107 128 144 160 192
1 2 4 8 14 16 32 64 109 128 144 160 192
1 2 4 8 16 32 36 64 83 128 136 176 192
1 2 4 8 16 32 38 64 85 128 136 176 192
1 2 4 8 16 32 50 64 105 128 132 184 192
1 2 4 6 8 16 32 64 69 128 168 176 192
1 2 4 6 8 16 32 64 85 128 168 176 192
1 2 4 6 8 16 32 64 101 128 168 176 192
1 2 4 8 16 32 38 64 85 128 168 176 192
1 2 4 8 16 32 38 64 101 128 168 176 192
1 2 4 8 11 16 32 64 76 128 144 160 192
1 2 4 8 16 21 32 64 70 128 152 160 192
1 2 4 8 16 19 32 64 84 128 152 160 192
1 2 4 8 16 32 39 64 72 128 144 160 192
1 2 4 8 16 32 35 64 76 128 144 160 192
1 2 4 8 16 32 43 64 76 128 144 160 192
1 2 4 8 16 32 45 64 78 128 144 160 192
1 2 4 8 16 32 55 64 72 128 144 160 192
1 2 4 8 16 32 51 64 76 128 144 160 192
1 2 4 8 16 32 35 64 84 128 152 160 192
1 2 4 8 16 32 43 64 84 128 152 160 192
1 2 4 8 16 32 51 64 84 128 152 160 192
1 2 4 8 16 32 53 64 86 128 152 160 192
1 2 4 8 16 32 53 64 90 128 156 160 192
1 2 4 8 16 32 57 64 90 128 156 160 192
1 2 4 8 11 16 32 64 108 128 144 160 192
1 2 4 8 16 23 32 64 104 128 144 160 192
1 2 4 8 16 19 32 64 100 128 136 176 192
1 2 4 8 16 21 32 64 70 128 168 176 192
1 2 4 8 16 27 32 64 68 128 168 176 192
1 2 4 8 16 21 32 64 74 128 172 176 192
1 2 4 8 11 16 32 64 84 128 168 176 192
1 2 4 8 16 32 37 64 70 128 168 176 192
1 2 4 8 16 32 35 64 84 128 168 176 192
1 2 4 8 16 32 41 64 82 128 164 184 192
1 2 4 8 16 19 32 64 100 128 168 176 192
1 2 4 8 16 21 32 64 102 128 168 176 192
1 2 4 8 16 27 32 64 100 128 168 176 192
1 2 4 8 16 21 32 64 106 128 172 176 192
1 2 4 8 16 25 32 64 106 128 172 176 192
1 2 4 8 13 16 32 64 98 128 180 184 192
1 2 4 8 16 32 35 64 100 128 168 176 192
1 2 4 8 16 32 35 64 68 128 136 144 224
1 2 4 8 16 32 37 64 70 128 136 144 224
1 2 4 8 16 32 41 64 82 128 132 152 224
1 2 4 8 16 32 64 71 72 128 144 160 192
1 2 4 8 16 32 64 67 76 128 144 160 192
1 2 4 8 16 32 64 75 76 128 144 160 192
1 2 4 8 16 32 64 70 85 128 152 160 192
1 2 4 8 16 32 64 67 84 128 152 160 192
1 2 4 8 16 32 64 83 84 128 152 160 192
1 2 4 8 16 32 64 85 86 128 152 160 192
1 2 4 8 16 32 64 72 103 128 144 160 192
1 2 4 8 16 32 64 76 99 128 144 160 192
1 2 4 8 16 32 64 76 107 128 144 160 192
1 2 4 8 16 32 64 84 99 128 152 160 192
1 2 4 8 16 32 64 71 104 128 144 160 192
1 2 4 8 16 32 64 75 108 128 144 160 192
1 2 4 8 16 32 64 87 104 128 144 160 192
1 2 4 8 16 32 64 83 108 128 144 160 192
1 2 4 8 16 32 64 95 104 128 144 160 192
1 2 4 8 16 32 64 91 108 128 144 160 192
1 2 4 8 16 32 64 93 110 128 144 160 192
1 2 4 8 16 32 64 85 102 128 152 160 192
1 2 4 8 16 32 64 103 104 128 144 160 192
1 2 4 8 16 32 64 99 108 128 144 160 192
1 2 4 8 16 32 64 107 108 128 144 160 192
1 2 4 8 16 32 64 69 70 128 168 176 192
1 2 4 8 16 32 64 70 85 128 168 176 192
1 2 4 8 16 32 64 67 84 128 168 176 192
1 2 4 8 16 32 64 75 84 128 168 176 192
1 2 4 8 16 32 64 79 84 128 168 176 192
1 2 4 8 16 32 64 77 86 128 168 176 192
1 2 4 8 16 32 64 85 86 128 168 176 192
1 2 4 8 16 32 64 70 101 128 168 176 192
1 2 4 8 16 32 64 84 115 128 168 176 192
1 2 4 8 16 32 64 86 117 128 168 176 192
1 2 4 8 16 32 64 67 100 128 168 176 192
1 2 4 8 16 32 64 99 100 128 168 176 192
1 2 4 8 16 32 64 101 102 128 168 176 192
1 2 4 8 16 32 64 105 106 128 172 176 192
1 2 4 8 16 32 64 101 106 128 180 184 192
1 2 4 8 16 32 64 81 98 128 132 136 240
1 2 4 6 8 16 32 37 64 128 144 200 224
1 2 4 8 16 27 32 36 64 128 144 200 224
1 2 4 8 13 16 32 34 64 128 152 212 224
1 2 4 8 13 16 32 50 64 128 152 212 224
1 2 4 8 16 32 37 38 64 128 144 200 224
1 2 4 8 16 32 38 53 64 128 144 200 224
1 2 4 8 16 32 43 52 64 128 144 200 224
1 2 4 8 16 32 45 54 64 128 144 200 224
1 2 4 8 16 32 36 64 67 128 144 200 224
1 2 4 8 16 32 36 64 83 128 144 200 224
1 2 4 8 16 32 50 64 73 128 152 212 224
1 2 4 8 16 32 38 64 101 128 144 200 224
1 2 4 8 16 32 38 64 117 128 144 200 224
1 2 4 8 16 32 37 64 70 128 144 200 224
1 2 4 8 16 32 41 64 82 128 152 196 224
1 2 4 8 16 32 64 77 82 128 136 228 240
1 2 4 6 8 16 32 53 64 128 136 208 224
1 2 4 8 16 18 32 41 64 128 132 216 224
1 2 4 8 16 19 32 36 64 128 136 208 224
1 2 4 8 16 21 32 38 64 128 136 208 224
1 2 4 8 16 25 32 42 64 128 140 208 224
1 2 4 8 11 16 32 52 64 128 136 208 224
1 2 4 8 9 16 32 50 64 128 148 216 224
1 2 4 8 16 32 38 53 64 128 136 208 224
1 2 4 8 16 32 35 52 64 128 136 208 224
1 2 4 8 16 32 43 52 64 128 136 208 224
1 2 4 8 16 32 47 52 64 128 136 208 224
1 2 4 8 16 32 53 54 64 128 136 208 224
1 2 4 6 8 16 21 32 64 128 168 208 224
1 2 4 8 11 16 20 32 64 128 168 208 224
1 2 4 8 9 16 18 32 64 128 164 216 224
1 2 4 8 16 21 22 32 64 128 168 208 224
1 2 4 8 16 21 26 32 64 128 164 200 240
1 2 4 8 16 32 52 64 67 128 136 208 224
1 2 4 8 16 32 52 64 75 128 136 208 224
1 2 4 8 16 32 50 64 73 128 148 216 224
1 2 4 8 16 32 42 64 105 128 140 208 224
1 2 4 8 16 32 42 64 103 128 148 216 224
1 2 4 8 16 26 32 64 85 128 164 200 240
1 2 4 8 16 32 51 64 68 128 136 208 224
1 2 4 8 16 32 41 64 82 128 132 216 224
1 2 4 8 16 32 49 64 82 128 164 200 240
1 2 4 8 16 32 57 64 82 128 164 200 240
1 2 4 8 12 16 32 64 128 139 144 160 192
1 2 4 8 14 16 32 64 128 141 144 160 192
1 2 4 8 16 22 32 64 128 149 152 160 192
1 2 4 6 8 16 32 64 128 165 168 176 192
1 2 4 8 16 32 38 64 128 165 168 176 192
1 2 4 8 16 32 64 72 128 135 144 160 192
1 2 4 8 16 32 64 76 128 139 144 160 192
1 2 4 8 16 32 64 70 128 149 152 160 192
1 2 4 8 16 32 64 84 128 131 152 160 192
1 2 4 8 16 32 64 84 128 147 152 160 192
1 2 4 8 16 32 64 104 128 135 144 160 192
1 2 4 8 16 32 64 100 128 136 147 176 192
1 2 4 8 16 32 64 70 128 149 168 176 192
1 2 4 8 16 32 64 84 128 131 168 176 192
1 2 4 8 16 32 64 84 128 139 168 176 192
1 2 4 8 16 32 64 70 128 165 168 176 192
1 2 4 8 16 32 64 84 128 163 168 176 192
1 2 4 8 16 32 64 82 128 164 169 184 192
1 2 4 8 16 32 64 100 128 131 168 176 192
1 2 4 8 16 32 64 100 128 147 168 176 192
1 2 4 8 16 32 64 100 128 163 168 176 192
1 2 4 8 16 32 64 68 128 136 144 163 224
1 2 4 8 16 32 64 70 128 136 144 165 224
1 2 4 8 16 32 64 74 128 140 144 169 224
1 2 4 8 16 32 64 82 128 148 152 177 224
1 2 4 8 16 32 64 72 128 144 160 192 199
1 2 4 8 16 32 64 76 128 144 160 192 195
1 2 4 8 16 32 64 76 128 144 160 192 203
1 2 4 8 16 32 64 70 128 152 160 192 213
1 2 4 8 16 32 64 84 128 152 160 192 195
1 2 4 8 16 32 64 100 128 136 176 192 211
1 2 4 8 16 32 64 102 128 136 176 192 213
1 2 4 8 16 32 64 70 128 168 176 192 197
1 2 4 8 16 32 64 70 128 168 176 192 213
1 2 4 8 16 32 64 84 128 168 176 192 195
1 2 4 8 16 32 64 82 128 164 184 192 201
1 2 4 8 16 32 64 70 128 168 176 192 229
1 2 4 8 16 32 64 84 128 168 176 192 227
1 2 4 8 16 32 64 82 128 164 184 192 233
1 2 4 8 16 32 64 100 128 168 176 192 195
1 2 4 8 16 32 64 100 128 168 176 192 211
1 2 4 8 16 32 64 102 128 168 176 192 213
1 2 4 6 8 16 32 64 128 144 165 200 224
1 2 4 8 16 32 38 64 128 144 165 200 224
1 2 4 8 16 32 50 64 128 152 169 196 224
1 2 4 8 16 32 36 64 128 144 195 200 224
1 2 4 8 16 32 38 64 128 144 200 224 229
1 2 4 8 16 32 52 64 128 144 200 224 227
1 2 4 8 16 32 50 64 128 152 196 224 233
1 2 4 8 16 32 64 70 128 144 165 200 224
1 2 4 8 16 32 64 98 128 136 196 209 240
1 2 4 8 16 32 36 64 128 136 147 208 224
1 2 4 8 16 32 42 64 128 140 149 208 224
1 2 4 8 16 32 52 64 128 131 136 208 224
1 2 4 8 16 32 52 64 128 136 163 208 224
1 2 4 6 8 16 32 64 128 133 168 208 224
1 2 4 6 8 16 32 64 128 149 168 208 224
1 2 4 6 8 16 32 64 128 157 168 208 224
1 2 4 8 10 16 32 64 128 149 172 208 224
1 2 4 8 16 20 32 64 128 139 168 208 224
1 2 4 8 16 22 32 64 128 141 168 208 224
1 2 4 8 16 18 32 64 128 137 164 216 224
1 2 4 8 16 22 32 64 128 149 168 208 224
1 2 4 8 16 20 32 64 128 155 168 208 224
1 2 4 8 16 22 32 64 128 157 168 208 224
1 2 4 8 16 18 32 64 128 141 164 200 240
1 2 4 8 16 20 32 64 128 163 168 208 224
1 2 4 8 16 32 52 64 128 136 195 208 224
1 2 4 8 16 32 50 64 128 148 201 216 224
1 2 4 8 16 32 50 64 128 132 216 224 233
1 2 4 6 8 16 32 64 128 168 197 208 224
1 2 4 8 16 18 32 64 128 164 201 216 224
1 2 4 8 16 22 32 64 128 168 208 213 224
1 2 4 8 16 32 64 74 128 140 169 208 224
1 2 4 8 16 32 64 82 128 141 164 200 240
1 2 4 8 16 32 64 82 128 132 201 232 240
1 2 4 6 8 16 32 64 128 133 200 208 224
1 2 4 6 8 16 32 64 128 165 200 208 224
1 2 4 8 16 32 34 64 128 145 196 200 240
1 2 4 6 8 16 32 64 128 197 200 208 224
1 2 4 8 11 16 32 64 128 140 144 160 192
1 2 4 8 16 21 32 64 128 134 152 160 192
1 2 4 8 16 19 32 64 128 148 152 160 192
1 2 4 8 16 32 37 64 128 134 168 176 192
1 2 4 8 16 32 35 64 128 164 168 176 192
1 2 4 8 16 32 64 71 128 136 144 160 192
1 2 4 8 16 32 64 67 128 140 144 160 192
1 2 4 8 16 32 64 75 128 140 144 160 192
1 2 4 8 16 32 64 77 128 142 144 160 192
1 2 4 8 16 32 64 67 128 148 152 160 192
1 2 4 8 16 32 64 83 128 148 152 160 192
1 2 4 8 16 32 64 85 128 150 152 160 192
1 2 4 8 16 32 64 103 128 136 144 160 192
1 2 4 8 16 32 64 99 128 140 144 160 192
1 2 4 8 16 32 64 99 128 148 152 160 192
1 2 4 8 16 32 64 83 128 136 164 176 192
1 2 4 8 16 32 64 69 128 134 168 176 192
1 2 4 8 16 32 64 105 128 146 164 184 192
1 2 4 8 16 32 64 67 128 164 168 176 192
1 2 4 8 16 32 64 83 128 164 168 176 192
1 2 4 8 16 32 64 99 128 164 168 176 192
1 2 4 8 16 32 64 101 128 166 168 176 192
1 2 4 8 16 32 64 105 128 170 172 176 192
1 2 4 8 16 32 64 105 128 164 178 184 192
1 2 4 8 16 32 35 64 128 136 144 196 224
1 2 4 8 16 32 37 64 128 134 144 200 224
1 2 4 8 16 32 41 64 128 146 152 196 224
1 2 4 8 16 19 32 64 128 144 164 200 224
1 2 4 8 16 27 32 64 128 144 164 200 224
1 2 4 8 13 16 32 64 128 152 162 212 224
1 2 4 8 16 32 53 64 128 144 166 200 224
1 2 4 8 16 32 64 67 128 144 164 200 224
1 2 4 8 16 32 64 83 128 144 164 200 224
1 2 4 8 16 32 64 81 128 136 162 196 240
1 2 4 8 16 32 35 64 128 144 196 200 224
1 2 4 8 16 32 37 64 128 144 198 200 224
1 2 4 8 16 32 41 64 128 144 202 204 224
1 2 4 8 16 32 49 64 128 152 210 212 224
1 2 4 8 16 32 41 64 128 138 140 208 224
1 2 4 8 16 32 51 64 128 132 136 208 224
1 2 4 8 16 32 41 64 128 132 146 216 224
1 2 4 8 16 32 41 64 128 146 148 216 224
1 2 4 8 16 19 32 64 128 136 164 208 224
1 2 4 8 16 32 51 64 128 136 164 208 224
1 2 4 8 16 32 53 64 128 136 166 208 224
1 2 4 8 16 21 32 64 128 134 168 208 224
1 2 4 8 11 16 32 64 128 148 168 208 224
1 2 4 8 15 16 32 64 128 148 168 208 224
1 2 4 7 8 16 32 64 128 156 168 208 224
1 2 4 7 8 16 32 64 128 154 172 208 224
1 2 4 8 16 19 32 64 128 156 168 208 224
1 2 4 8 16 23 32 64 128 156 168 208 224
1 2 4 8 16 32 53 64 128 138 172 208 224
1 2 4 8 16 32 35 64 128 148 168 208 224
1 2 4 8 16 32 41 64 128 146 164 216 224
1 2 4 8 16 32 51 64 128 148 168 208 224
1 2 4 8 16 32 53 64 128 150 168 208 224
1 2 4 8 16 32 53 64 128 154 172 208 224
1 2 4 8 16 19 32 64 128 164 168 208 224
1 2 4 8 16 32 64 73 128 138 140 208 224
1 2 4 8 16 32 64 69 128 134 168 208 224
1 2 4 8 16 32 64 73 128 146 164 216 224
1 2 4 8 16 32 41 64 128 140 202 208 224
1 2 4 8 16 32 51 64 128 136 196 208 224
1 2 4 8 16 32 41 64 128 132 210 216 224
1 2 4 8 16 32 41 64 128 148 210 216 224
1 2 4 8 16 21 32 64 128 168 198 208 224
1 2 4 8 16 32 64 81 128 164 200 226 240
1 2 4 8 16 32 37 64 128 134 200 208 224
1 2 4 8 16 32 41 64 128 146 196 216 224
1 2 4 8 16 19 32 64 128 164 200 208 224
1 2 4 8 16 27 32 64 128 164 200 208 224
1 2 4 8 13 16 32 64 128 162 212 216 224
1 2 4 8 13 16 32 64 128 146 200 228 240
1 2 4 8 16 32 64 69 128 134 200 208 224
1 2 4 8 16 32 64 81 128 162 196 200 240
1 2 4 8 16 32 64 128 135 136 144 160 192
1 2 4 8 16 32 64 128 131 140 144 160 192
1 2 4 8 16 32 64 128 139 140 144 160 192
1 2 4 8 16 32 64 128 134 149 152 160 192
1 2 4 8 16 32 64 128 131 148 152 160 192
1 2 4 8 16 32 64 128 147 148 152 160 192
1 2 4 8 16 32 64 128 149 150 152 160 192
1 2 4 8 16 32 64 128 140 169 170 176 192
1 2 4 8 16 32 64 128 133 134 168 176 192
1 2 4 8 16 32 64 128 134 165 168 176 192
1 2 4 8 16 32 64 128 131 164 168 176 192
1 2 4 8 16 32 64 128 163 164 168 176 192
1 2 4 8 16 32 64 128 165 166 168 176 192
1 2 4 8 16 32 64 128 169 170 172 176 192
1 2 4 8 16 32 64 128 136 144 163 196 224
1 2 4 8 16 32 64 128 132 152 169 210 224
1 2 4 8 16 32 64 128 134 144 165 200 224
1 2 4 8 16 32 64 128 146 152 169 196 224
1 2 4 8 16 32 64 128 131 144 164 200 224
1 2 4 8 16 32 64 128 144 165 166 200 224
1 2 4 8 16 32 64 128 144 164 195 200 224
1 2 4 8 16 32 64 128 144 164 200 224 227
1 2 4 8 16 32 64 128 152 170 212 224 229
1 2 4 8 16 32 64 128 152 170 212 224 231
1 2 4 8 16 32 64 128 152 170 212 224 249
1 2 4 8 16 32 64 128 144 163 196 200 224
1 2 4 8 16 32 64 128 152 169 196 210 224
1 2 4 8 16 32 64 128 152 169 210 212 224
1 2 4 8 16 32 64 128 152 209 210 212 224
1 2 4 8 16 32 64 128 136 196 209 226 240
1 2 4 8 16 32 64 128 138 140 169 208 224
1 2 4 8 16 32 64 128 136 147 164 208 224
1 2 4 8 16 32 64 128 136 149 166 208 224
1 2 4 8 16 32 64 128 140 153 170 208 224
1 2 4 8 16 32 64 128 140 169 170 208 224
1 2 4 8 16 32 64 128 133 134 168 208 224
1 2 4 8 16 32 64 128 134 149 168 208 224
1 2 4 8 16 32 64 128 132 155 168 208 224
1 2 4 8 16 32 64 128 131 148 168 208 224
1 2 4 8 16 32 64 128 139 148 168 208 224
1 2 4 8 16 32 64 128 135 152 168 208 224
1 2 4 8 16 32 64 128 131 156 168 208 224
1 2 4 8 16 32 64 128 149 150 168 208 224
1 2 4 8 16 32 64 128 148 155 168 208 224
1 2 4 8 16 32 64 128 150 157 168 208 224
1 2 4 8 16 32 64 128 147 156 168 208 224
1 2 4 8 16 32 64 128 155 156 168 208 224
1 2 4 8 16 32 64 128 157 158 168 208 224
1 2 4 8 16 32 64 128 148 163 168 208 224
1 2 4 8 16 32 64 128 147 164 168 208 224
1 2 4 8 16 32 64 128 149 166 168 208 224
1 2 4 8 16 32 64 128 149 170 172 208 224
1 2 4 8 16 32 64 128 153 170 172 208 224
1 2 4 8 16 32 64 128 169 170 172 208 224
1 2 4 8 16 32 64 128 138 140 201 208 224
1 2 4 8 16 32 64 128 134 168 197 208 224
1 2 4 8 16 32 64 128 148 168 195 208 224
1 2 4 8 16 32 64 128 152 168 199 208 224
1 2 4 8 16 32 64 128 156 168 195 208 224
1 2 4 8 16 32 64 128 146 164 201 216 224
1 2 4 8 16 32 64 128 146 164 216 224 233
1 2 4 8 16 32 64 128 148 168 208 224 243
1 2 4 8 16 32 64 128 152 168 208 224 255
1 2 4 8 16 32 64 128 156 168 208 224 251
1 2 4 8 16 32 64 128 154 172 208 224 249
1 2 4 8 16 32 64 128 155 168 196 208 224
1 2 4 8 16 32 64 128 140 201 202 208 224
1 2 4 8 16 32 64 128 168 197 198 208 224
1 2 4 8 16 32 64 128 164 201 210 216 224
1 2 4 8 16 32 64 128 133 134 200 208 224
1 2 4 8 16 32 64 128 134 165 200 208 224
1 2 4 8 16 32 64 128 131 164 200 208 224
1 2 4 8 16 32 64 128 147 164 200 208 224
1 2 4 8 16 32 64 128 149 166 200 208 224
1 2 4 8 16 32 64 128 163 164 200 208 224
1 2 4 8 16 32 64 128 165 166 200 208 224
1 2 4 8 16 32 64 128 134 197 200 208 224
1 2 4 8 16 32 64 128 164 195 200 208 224
1 2 4 8 16 32 64 128 162 196 200 209 240
1 2 4 8 16 32 64 128 131 196 200 208 224
1 2 4 8 16 32 64 128 163 196 200 208 224
1 2 4 8 16 32 64 128 195 196 200 208 224
1 2 4 8 16 32 64 128 197 198 200 208 224
1 2 4 8 16 32 64 128 201 202 204 208 224
