13
6
2
110
1 2 3 4 5 6 8 9 10 12 16 32 49
1 2 3 4 5 6 8 9 10 16 17 32 33
1 2 3 4 5 6 8 9 10 16 17 32 34
1 2 3 4 5 6 8 9 10 16 17 32 36
1 2 3 4 5 6 8 9 10 16 17 32 38
1 2 3 4 5 6 8 9 10 16 17 32 44
1 2 3 4 5 6 8 9 10 16 17 32 48
1 2 3 4 5 6 8 9 10 16 17 32 50
1 2 3 4 5 6 8 9 10 16 17 32 52
1 2 3 4 5 6 8 9 10 16 20 32 36
1 2 3 4 5 6 8 9 10 16 20 32 37
1 2 3 4 5 6 8 9 10 16 20 32 40
1 2 3 4 5 6 8 9 10 16 20 32 41
1 2 3 4 5 6 8 9 10 16 20 32 44
1 2 3 4 5 6 8 9 10 16 20 32 48
1 2 3 4 5 6 8 9 10 16 20 32 49
1 2 3 4 5 6 8 9 10 16 20 32 56
1 2 3 4 5 6 8 9 10 16 28 32 44
1 2 3 4 5 6 8 9 10 16 28 32 48
1 2 3 4 5 6 8 9 10 16 28 32 52
1 2 3 4 5 6 8 9 16 17 24 32 33
1 2 3 4 5 6 8 9 16 17 24 32 34
1 2 3 4 5 6 8 9 16 17 24 32 38
1 2 3 4 5 6 8 9 16 17 24 32 42
1 2 3 4 5 6 8 9 16 17 32 34 40
1 2 3 4 5 6 8 9 16 17 32 38 42
1 2 3 4 5 6 8 9 16 17 32 40 48
1 2 3 4 5 6 8 9 16 17 32 42 50
1 2 3 4 5 6 8 9 16 18 24 32 35
1 2 3 4 5 6 8 9 16 18 24 32 36
1 2 3 4 5 6 8 9 16 18 24 32 37
1 2 3 4 5 6 8 9 16 18 24 32 40
1 2 3 4 5 6 8 9 16 18 24 32 41
1 2 3 4 5 6 8 9 16 18 24 32 42
1 2 3 4 5 6 8 9 16 18 24 32 44
1 2 3 4 5 6 8 9 16 18 24 32 56
1 2 3 4 5 6 8 9 16 18 24 32 59
1 2 3 4 5 6 8 9 16 18 32 35 56
1 2 3 4 5 6 8 9 16 18 32 37 49
1 2 3 4 5 6 8 9 16 18 32 40 48
1 2 3 4 5 6 8 9 16 18 32 40 49
1 2 3 4 5 6 8 9 16 18 32 44 52
1 2 3 4 5 6 8 9 16 22 26 32 40
1 2 3 4 5 6 8 9 16 22 26 32 42
1 2 3 4 5 6 8 9 16 22 26 32 58
1 2 3 4 5 6 8 9 16 22 32 40 50
1 2 3 4 5 6 8 9 16 24 32 40 48
1 2 3 4 5 6 8 9 16 24 32 41 48
1 2 3 4 5 6 8 9 16 24 32 41 50
1 2 3 4 5 6 8 9 16 24 32 42 48
1 2 3 4 5 6 8 9 16 26 32 42 48
1 2 3 4 5 6 8 9 16 26 32 44 48
1 2 3 4 5 8 9 16 17 32 34 36 39
1 2 3 4 5 8 9 16 17 32 34 36 40
1 2 3 4 5 8 9 16 17 32 38 42 50
1 2 3 4 5 8 9 16 18 20 23 32 34
1 2 3 4 5 8 9 16 18 20 23 32 40
1 2 3 4 5 8 9 16 18 20 23 32 42
1 2 3 4 5 8 9 16 18 20 23 32 48
1 2 3 4 5 8 9 16 18 20 24 32 34
1 2 3 4 5 8 9 16 18 20 24 32 35
1 2 3 4 5 8 9 16 18 20 24 32 38
1 2 3 4 5 8 9 16 18 20 24 32 49
1 2 3 4 5 8 9 16 18 20 32 34 40
1 2 3 4 5 8 9 16 18 20 32 35 37
1 2 3 4 5 8 9 16 18 20 32 35 40
1 2 3 4 5 8 9 16 18 20 32 35 49
1 2 3 4 5 8 9 16 18 20 32 35 52
1 2 3 4 5 8 9 16 18 20 32 38 42
1 2 3 4 5 8 9 16 18 20 32 38 50
1 2 3 4 5 8 9 16 18 20 32 40 48
1 2 3 4 5 8 9 16 18 20 32 40 49
1 2 3 4 5 8 9 16 18 20 32 42 50
1 2 3 4 5 8 9 16 18 32 35 48 52
1 2 3 4 5 8 9 16 18 32 35 52 56
1 2 3 4 5 8 9 16 18 32 36 48 54
1 2 3 4 5 8 9 16 18 32 38 42 48
1 2 3 4 5 8 9 16 22 26 32 38 42
1 2 3 4 5 8 9 16 22 26 32 38 48
1 2 3 4 5 8 9 16 22 32 42 48 60
1 2 3 4 5 8 10 12 16 19 21 32 38
1 2 3 4 5 8 10 12 16 19 21 32 41
1 2 3 4 5 8 10 12 16 19 21 32 42
1 2 3 4 5 8 10 12 16 19 21 32 57
1 2 3 4 5 8 10 12 16 19 21 32 63
1 2 3 4 5 8 10 12 16 19 28 32 37
1 2 3 4 5 8 10 12 16 19 28 32 47
1 2 3 4 5 8 10 12 16 19 28 32 51
1 2 3 4 5 8 10 12 16 19 28 32 54
1 2 3 4 5 8 10 12 16 19 32 37 48
1 2 3 4 5 8 10 12 16 19 32 37 57
1 2 3 4 5 8 10 12 16 19 32 38 48
1 2 3 4 5 8 10 12 16 19 32 44 48
1 2 3 4 5 8 10 12 16 19 32 44 53
1 2 3 4 5 8 10 12 16 19 32 47 48
1 2 3 4 5 8 10 12 16 22 32 38 48
1 2 3 4 5 8 10 12 16 22 32 41 51
1 2 3 4 5 8 10 12 16 31 32 47 48
1 2 3 4 5 8 10 16 19 28 32 36 40
1 2 3 4 5 8 10 16 19 28 32 36 56
1 2 3 4 5 8 10 16 19 32 36 40 49
1 2 3 4 5 8 10 16 19 32 36 40 52
1 2 3 4 5 8 10 16 19 32 36 40 61
1 2 3 4 5 8 10 16 19 32 36 41 57
1 2 3 4 5 8 10 16 19 32 36 56 61
1 2 3 4 5 8 10 16 20 25 32 39 42
1 2 3 4 5 8 10 16 20 25 32 40 49
1 2 3 4 5 8 10 16 20 25 32 40 52
1 2 3 4 5 8 10 16 20 25 32 42 51
1 2 3 4 5 8 10 16 20 32 40 48 63
