11
6
2
82
1 2 3 4 5 6 8 9 16 32 49
1 2 3 4 5 6 8 9 16 32 50
1 2 3 4 5 6 8 9 16 32 54
1 2 3 4 5 6 8 9 16 32 56
1 2 3 4 5 6 8 9 16 32 58
1 2 3 4 5 6 8 16 24 32 41
1 2 3 4 5 6 8 16 25 32 41
1 2 3 4 5 6 8 16 25 32 42
1 2 3 4 5 8 9 16 17 32 33
1 2 3 4 5 8 9 16 17 32 34
1 2 3 4 5 8 9 16 17 32 38
1 2 3 4 5 8 9 16 18 32 34
1 2 3 4 5 8 9 16 18 32 35
1 2 3 4 5 8 9 16 18 32 36
1 2 3 4 5 8 9 16 18 32 38
1 2 3 4 5 8 9 16 18 32 44
1 2 3 4 5 8 9 16 18 32 48
1 2 3 4 5 8 9 16 18 32 49
1 2 3 4 5 8 9 16 18 32 52
1 2 3 4 5 8 9 16 22 32 38
1 2 3 4 5 8 9 16 22 32 42
1 2 3 4 5 8 9 16 22 32 48
1 2 3 4 5 8 9 16 22 32 50
1 2 3 4 5 8 9 16 22 32 58
1 2 3 4 5 8 10 12 16 32 49
1 2 3 4 5 8 10 12 16 32 51
1 2 3 4 5 8 10 12 16 32 54
1 2 3 4 5 8 10 12 16 32 63
1 2 3 4 5 8 10 16 19 32 36
1 2 3 4 5 8 10 16 19 32 38
1 2 3 4 5 8 10 16 19 32 44
1 2 3 4 5 8 10 16 19 32 60
1 2 3 4 5 8 10 16 20 32 38
1 2 3 4 5 8 10 16 20 32 39
1 2 3 4 5 8 10 16 20 32 40
1 2 3 4 5 8 10 16 20 32 41
1 2 3 4 5 8 10 16 20 32 44
1 2 3 4 5 8 10 16 20 32 45
1 2 3 4 5 8 10 16 20 32 56
1 2 3 4 5 8 10 16 20 32 57
1 2 3 4 5 8 10 16 22 32 38
1 2 3 4 5 8 10 16 22 32 41
1 2 3 4 5 8 10 16 22 32 44
1 2 3 4 5 8 10 16 22 32 48
1 2 3 4 5 8 10 16 22 32 50
1 2 3 4 5 8 10 16 22 32 51
1 2 3 4 5 8 10 16 22 32 56
1 2 3 4 5 8 10 16 28 32 44
1 2 3 4 5 8 10 16 28 32 47
1 2 3 4 5 8 10 16 28 32 48
1 2 3 4 5 8 10 16 28 32 51
1 2 3 4 5 8 10 16 28 32 52
1 2 3 4 5 8 10 16 28 32 53
1 2 3 4 5 8 14 16 22 32 38
1 2 3 4 5 8 14 16 22 32 40
1 2 3 4 5 8 14 16 22 32 42
1 2 3 4 5 8 14 16 22 32 56
1 2 3 4 5 8 14 16 24 32 40
1 2 3 4 5 8 14 16 24 32 42
1 2 3 4 5 8 14 16 24 32 46
1 2 3 4 5 8 14 16 24 32 48
1 2 3 4 5 8 14 16 24 32 50
1 2 3 4 5 8 14 16 24 32 54
1 2 3 4 5 8 14 16 26 32 42
1 2 3 4 5 8 14 16 26 32 43
1 2 3 4 5 8 14 16 26 32 45
1 2 3 4 5 8 14 16 26 32 48
1 2 3 4 5 8 14 16 26 32 49
1 2 3 4 5 8 14 16 26 32 50
1 2 3 4 5 8 16 24 32 40 54
1 2 3 4 5 8 16 24 32 41 50
1 2 3 4 5 8 16 24 32 42 52
1 2 3 4 5 8 16 26 32 43 52
1 2 3 4 8 12 16 21 26 32 37
1 2 3 4 8 12 16 21 26 32 48
1 2 3 4 8 12 16 21 26 32 49
1 2 3 4 8 12 16 21 32 42 48
1 2 3 4 8 12 16 21 32 42 51
1 2 3 4 8 13 16 21 32 41 49
1 2 3 4 8 13 16 21 32 42 50
1 2 4 7 8 11 16 19 32 37 41
1 2 4 7 8 11 16 21 25 32 63
