14
12
2
15
1 2 4 8 16 32 64 128 256 512 1024 2048 3071 3072
1 2 4 8 16 32 64 128 256 512 1024 2048 2559 3584
1 2 4 8 16 32 64 128 256 512 1024 2048 2303 3840
1 2 4 8 16 32 64 128 256 512 1024 2048 2175 3968
1 2 4 8 16 32 64 128 256 512 1024 2048 2111 4032
1 2 4 8 16 32 64 128 256 512 1024 2048 3583 3584
1 2 4 8 16 32 64 128 256 512 1024 2048 3327 3840
1 2 4 8 16 32 64 128 256 512 1024 2048 3199 3968
1 2 4 8 16 32 64 128 256 512 1024 2048 3135 4032
1 2 4 8 16 32 64 128 256 512 1024 2048 3103 4064
1 2 4 8 16 32 64 128 256 512 1024 2048 3711 3968
1 2 4 8 16 32 64 128 256 512 1024 2048 3647 4032
1 2 4 8 16 32 64 128 256 512 1024 2048 3615 4064
1 2 4 8 16 32 64 128 256 512 1024 2048 3871 4064
1 2 4 8 16 32 64 128 256 512 1024 2048 3855 4080
