13
10
2
128
1 2 4 8 16 32 64 128 192 256 512 703 768
1 2 4 8 16 32 64 128 224 256 512 671 768
1 2 4 8 16 32 64 128 240 256 512 655 768
1 2 4 8 16 32 64 128 224 256 512 735 768
1 2 4 8 16 32 64 128 240 256 512 719 768
1 2 4 8 16 32 64 128 248 256 512 711 768
1 2 4 8 16 32 64 128 248 256 512 743 768
1 2 4 8 16 32 64 112 128 256 512 591 896
1 2 4 8 16 32 64 120 128 256 512 583 896
1 2 4 8 16 32 64 120 128 256 512 615 896
1 2 4 8 16 32 64 124 128 256 512 627 896
1 2 4 8 16 32 64 112 128 256 512 847 896
1 2 4 8 16 32 64 120 128 256 512 839 896
1 2 4 8 16 32 64 112 128 256 512 879 896
1 2 4 8 16 32 64 120 128 256 512 871 896
1 2 4 8 16 32 64 124 128 256 512 883 896
1 2 4 8 16 32 60 64 128 256 512 819 960
1 2 4 8 16 32 64 128 191 256 512 704 768
1 2 4 8 16 32 64 128 159 256 512 736 768
1 2 4 8 16 32 64 128 143 256 512 752 768
1 2 4 8 16 32 64 128 223 256 512 736 768
1 2 4 8 16 32 64 128 207 256 512 752 768
1 2 4 8 16 32 64 128 231 256 512 760 768
1 2 4 8 16 32 64 79 128 256 512 624 896
1 2 4 8 16 32 64 103 128 256 512 632 896
1 2 4 8 16 32 64 128 256 383 512 640 768
1 2 4 8 16 32 64 128 256 319 512 704 768
1 2 4 8 16 32 64 128 256 287 512 736 768
1 2 4 8 16 32 64 128 256 271 512 752 768
1 2 4 8 16 32 64 128 256 511 512 640 768
1 2 4 8 16 32 64 128 256 447 512 704 768
1 2 4 8 16 32 64 128 256 415 512 736 768
1 2 4 8 16 32 64 128 256 399 512 752 768
1 2 4 8 16 32 64 128 256 479 512 736 768
1 2 4 8 16 32 64 128 256 463 512 752 768
1 2 4 8 16 32 64 128 256 455 512 760 768
1 2 4 8 16 32 64 128 256 487 512 760 768
1 2 4 8 16 32 64 128 256 287 512 608 896
1 2 4 8 16 32 64 128 256 271 512 624 896
1 2 4 8 16 32 64 128 256 351 512 608 896
1 2 4 8 16 32 64 128 256 335 512 624 896
1 2 4 8 16 32 64 128 256 327 512 632 896
1 2 4 8 16 32 64 128 256 367 512 624 896
1 2 4 8 16 32 64 128 256 359 512 632 896
1 2 4 8 16 32 64 128 256 371 512 636 896
1 2 4 8 16 32 64 128 256 263 512 568 960
1 2 4 8 16 32 64 128 256 295 512 568 960
1 2 4 8 16 32 64 128 256 307 512 572 960
1 2 4 8 16 32 64 128 256 399 512 560 960
1 2 4 8 16 32 64 128 256 391 512 568 960
1 2 4 8 16 32 64 128 256 423 512 568 960
1 2 4 8 16 32 64 128 256 439 512 568 960
1 2 4 8 16 32 64 128 256 435 512 572 960
1 2 4 8 16 32 64 95 128 256 512 864 896
1 2 4 8 16 32 64 79 128 256 512 880 896
1 2 4 8 16 32 64 111 128 256 512 880 896
1 2 4 8 16 32 64 103 128 256 512 888 896
1 2 4 8 16 32 39 64 128 256 512 824 960
1 2 4 8 16 32 64 128 143 256 512 816 960
1 2 4 8 16 32 64 128 175 256 512 816 960
1 2 4 8 16 32 64 128 167 256 512 824 960
1 2 4 8 16 32 64 128 183 256 512 824 960
1 2 4 8 16 32 64 128 199 256 512 792 992
1 2 4 8 16 32 64 128 211 256 512 796 992
1 2 4 8 16 32 64 128 219 256 512 796 992
1 2 4 8 16 32 64 128 256 512 639 640 768
1 2 4 8 16 32 64 128 256 512 575 704 768
1 2 4 8 16 32 64 128 256 512 543 736 768
1 2 4 8 16 32 64 128 256 512 527 752 768
1 2 4 8 16 32 64 128 256 512 703 704 768
1 2 4 8 16 32 64 128 256 512 671 736 768
1 2 4 8 16 32 64 128 256 512 655 752 768
1 2 4 8 16 32 64 128 256 512 719 752 768
1 2 4 8 16 32 64 128 256 512 711 760 768
1 2 4 8 16 32 64 128 256 512 543 608 896
1 2 4 8 16 32 64 128 256 512 527 624 896
1 2 4 8 16 32 64 128 256 512 591 624 896
1 2 4 8 16 32 64 128 256 512 583 632 896
1 2 4 8 16 32 64 128 256 512 615 632 896
1 2 4 8 16 32 64 128 256 512 519 568 960
1 2 4 8 16 32 64 128 256 512 608 799 896
1 2 4 8 16 32 64 128 256 512 624 783 896
1 2 4 8 16 32 64 128 256 512 608 863 896
1 2 4 8 16 32 64 128 256 512 624 847 896
1 2 4 8 16 32 64 128 256 512 632 839 896
1 2 4 8 16 32 64 128 256 512 632 871 896
1 2 4 8 16 32 64 128 256 512 568 775 960
1 2 4 8 16 32 64 128 256 512 568 807 960
1 2 4 8 16 32 64 128 256 512 572 819 960
1 2 4 8 16 32 64 128 256 512 575 832 896
1 2 4 8 16 32 64 128 256 512 543 864 896
1 2 4 8 16 32 64 128 256 512 527 880 896
1 2 4 8 16 32 64 128 256 512 607 864 896
1 2 4 8 16 32 64 128 256 512 591 880 896
1 2 4 8 16 32 64 128 256 512 623 880 896
1 2 4 8 16 32 64 128 256 512 615 888 896
1 2 4 8 16 32 64 128 256 512 527 816 960
1 2 4 8 16 32 64 128 256 512 551 824 960
1 2 4 8 16 32 64 128 256 512 703 832 896
1 2 4 8 16 32 64 128 256 512 671 864 896
1 2 4 8 16 32 64 128 256 512 655 880 896
1 2 4 8 16 32 64 128 256 512 655 816 960
1 2 4 8 16 32 64 128 256 512 647 824 960
1 2 4 8 16 32 64 128 256 512 711 792 992
1 2 4 8 16 32 64 128 256 512 519 920 992
1 2 4 8 16 32 64 128 256 512 583 920 992
1 2 4 8 16 32 64 128 256 512 611 908 1008
1 2 4 8 16 32 64 128 256 512 831 832 896
1 2 4 8 16 32 64 128 256 512 799 864 896
1 2 4 8 16 32 64 128 256 512 783 880 896
1 2 4 8 16 32 64 128 256 512 863 864 896
1 2 4 8 16 32 64 128 256 512 847 880 896
1 2 4 8 16 32 64 128 256 512 839 888 896
1 2 4 8 16 32 64 128 256 512 871 888 896
1 2 4 8 16 32 64 128 256 512 783 816 960
1 2 4 8 16 32 64 128 256 512 775 824 960
1 2 4 8 16 32 64 128 256 512 807 824 960
1 2 4 8 16 32 64 128 256 512 819 828 960
1 2 4 8 16 32 64 128 256 512 816 911 960
1 2 4 8 16 32 64 128 256 512 824 903 960
1 2 4 8 16 32 64 128 256 512 816 943 960
1 2 4 8 16 32 64 128 256 512 824 935 960
1 2 4 8 16 32 64 128 256 512 828 947 960
1 2 4 8 16 32 64 128 256 512 796 915 992
1 2 4 8 16 32 64 128 256 512 775 920 992
1 2 4 8 16 32 64 128 256 512 839 920 992
1 2 4 8 16 32 64 128 256 512 903 920 992
1 2 4 8 16 32 64 128 256 512 915 924 992
