15
12
2
270
1 2 4 8 16 32 64 128 256 512 768 1024 2048 2815 3072
1 2 4 8 16 32 64 128 256 512 896 1024 2048 2687 3072
1 2 4 8 16 32 64 128 256 512 960 1024 2048 2623 3072
1 2 4 8 16 32 64 128 256 512 992 1024 2048 2591 3072
1 2 4 8 16 32 64 128 256 512 896 1024 2048 2943 3072
1 2 4 8 16 32 64 128 256 512 960 1024 2048 2879 3072
1 2 4 8 16 32 64 128 256 512 992 1024 2048 2847 3072
1 2 4 8 16 32 64 128 256 512 1008 1024 2048 2831 3072
1 2 4 8 16 32 64 128 256 512 992 1024 2048 2975 3072
1 2 4 8 16 32 64 128 256 512 1008 1024 2048 2959 3072
1 2 4 8 16 32 64 128 256 512 1016 1024 2048 3015 3072
1 2 4 8 16 32 64 128 256 448 512 1024 2048 2367 3584
1 2 4 8 16 32 64 128 256 480 512 1024 2048 2335 3584
1 2 4 8 16 32 64 128 256 496 512 1024 2048 2319 3584
1 2 4 8 16 32 64 128 256 480 512 1024 2048 2463 3584
1 2 4 8 16 32 64 128 256 496 512 1024 2048 2447 3584
1 2 4 8 16 32 64 128 256 496 512 1024 2048 2511 3584
1 2 4 8 16 32 64 128 256 504 512 1024 2048 2503 3584
1 2 4 8 16 32 64 128 240 256 512 1024 2048 2191 3840
1 2 4 8 16 32 64 128 248 256 512 1024 2048 2247 3840
1 2 4 8 16 32 64 128 256 448 512 1024 2048 3391 3584
1 2 4 8 16 32 64 128 256 480 512 1024 2048 3359 3584
1 2 4 8 16 32 64 128 256 496 512 1024 2048 3343 3584
1 2 4 8 16 32 64 128 256 448 512 1024 2048 3519 3584
1 2 4 8 16 32 64 128 256 480 512 1024 2048 3487 3584
1 2 4 8 16 32 64 128 256 496 512 1024 2048 3471 3584
1 2 4 8 16 32 64 128 256 496 512 1024 2048 3535 3584
1 2 4 8 16 32 64 128 256 504 512 1024 2048 3527 3584
1 2 4 8 16 32 64 128 240 256 512 1024 2048 3215 3840
1 2 4 8 16 32 64 128 240 256 512 1024 2048 3279 3840
1 2 4 8 16 32 64 128 248 256 512 1024 2048 3271 3840
1 2 4 8 16 32 64 128 248 256 512 1024 2048 3303 3840
1 2 4 8 16 32 64 120 128 256 512 1024 2048 3655 3968
1 2 4 8 16 32 64 124 128 256 512 1024 2048 3699 3968
1 2 4 8 16 32 64 128 256 512 767 1024 2048 2816 3072
1 2 4 8 16 32 64 128 256 512 639 1024 2048 2944 3072
1 2 4 8 16 32 64 128 256 512 575 1024 2048 3008 3072
1 2 4 8 16 32 64 128 256 512 543 1024 2048 3040 3072
1 2 4 8 16 32 64 128 256 512 895 1024 2048 2944 3072
1 2 4 8 16 32 64 128 256 512 831 1024 2048 3008 3072
1 2 4 8 16 32 64 128 256 512 799 1024 2048 3040 3072
1 2 4 8 16 32 64 128 256 512 927 1024 2048 3040 3072
1 2 4 8 16 32 64 128 256 512 911 1024 2048 3056 3072
1 2 4 8 16 32 64 128 256 319 512 1024 2048 2496 3584
1 2 4 8 16 32 64 128 256 287 512 1024 2048 2528 3584
1 2 4 8 16 32 64 128 256 415 512 1024 2048 2528 3584
1 2 4 8 16 32 64 128 256 399 512 1024 2048 2544 3584
1 2 4 8 16 32 64 128 256 463 512 1024 2048 2544 3584
1 2 4 8 16 32 64 128 143 256 512 1024 2048 2288 3840
1 2 4 8 16 32 64 128 256 512 1024 1535 2048 2560 3072
1 2 4 8 16 32 64 128 256 512 1024 1279 2048 2816 3072
1 2 4 8 16 32 64 128 256 512 1024 1151 2048 2944 3072
1 2 4 8 16 32 64 128 256 512 1024 1087 2048 3008 3072
1 2 4 8 16 32 64 128 256 512 1024 1055 2048 3040 3072
1 2 4 8 16 32 64 128 256 512 1024 2047 2048 2560 3072
1 2 4 8 16 32 64 128 256 512 1024 1791 2048 2816 3072
1 2 4 8 16 32 64 128 256 512 1024 1663 2048 2944 3072
1 2 4 8 16 32 64 128 256 512 1024 1599 2048 3008 3072
1 2 4 8 16 32 64 128 256 512 1024 1567 2048 3040 3072
1 2 4 8 16 32 64 128 256 512 1024 1919 2048 2944 3072
1 2 4 8 16 32 64 128 256 512 1024 1855 2048 3008 3072
1 2 4 8 16 32 64 128 256 512 1024 1823 2048 3040 3072
1 2 4 8 16 32 64 128 256 512 1024 1807 2048 3056 3072
1 2 4 8 16 32 64 128 256 512 1024 1951 2048 3040 3072
1 2 4 8 16 32 64 128 256 512 1024 1935 2048 3056 3072
1 2 4 8 16 32 64 128 256 512 1024 1991 2048 3064 3072
1 2 4 8 16 32 64 128 256 512 1024 1151 2048 2432 3584
1 2 4 8 16 32 64 128 256 512 1024 1087 2048 2496 3584
1 2 4 8 16 32 64 128 256 512 1024 1055 2048 2528 3584
1 2 4 8 16 32 64 128 256 512 1024 1407 2048 2432 3584
1 2 4 8 16 32 64 128 256 512 1024 1343 2048 2496 3584
1 2 4 8 16 32 64 128 256 512 1024 1311 2048 2528 3584
1 2 4 8 16 32 64 128 256 512 1024 1295 2048 2544 3584
1 2 4 8 16 32 64 128 256 512 1024 1471 2048 2496 3584
1 2 4 8 16 32 64 128 256 512 1024 1439 2048 2528 3584
1 2 4 8 16 32 64 128 256 512 1024 1423 2048 2544 3584
1 2 4 8 16 32 64 128 256 512 1024 1487 2048 2544 3584
1 2 4 8 16 32 64 128 256 512 1024 1479 2048 2552 3584
1 2 4 8 16 32 64 128 256 512 1024 1055 2048 2272 3840
1 2 4 8 16 32 64 128 256 512 1024 1039 2048 2288 3840
1 2 4 8 16 32 64 128 256 512 1024 1183 2048 2272 3840
1 2 4 8 16 32 64 128 256 512 1024 1167 2048 2288 3840
1 2 4 8 16 32 64 128 256 512 1024 1231 2048 2288 3840
1 2 4 8 16 32 64 128 256 512 1024 1223 2048 2296 3840
1 2 4 8 16 32 64 128 256 512 1024 1255 2048 2296 3840
1 2 4 8 16 32 64 128 256 512 1024 1095 2048 2168 3968
1 2 4 8 16 32 64 128 256 512 1024 1599 2048 2240 3840
1 2 4 8 16 32 64 128 256 512 1024 1567 2048 2272 3840
1 2 4 8 16 32 64 128 256 512 1024 1551 2048 2288 3840
1 2 4 8 16 32 64 128 256 512 1024 1695 2048 2272 3840
1 2 4 8 16 32 64 128 256 512 1024 1679 2048 2288 3840
1 2 4 8 16 32 64 128 256 512 1024 1759 2048 2272 3840
1 2 4 8 16 32 64 128 256 512 1024 1743 2048 2288 3840
1 2 4 8 16 32 64 128 256 512 1024 1735 2048 2296 3840
1 2 4 8 16 32 64 128 256 512 1024 1767 2048 2296 3840
1 2 4 8 16 32 64 128 256 512 1024 1551 2048 2160 3968
1 2 4 8 16 32 64 128 256 512 1024 1607 2048 2168 3968
1 2 4 8 16 32 64 128 256 512 1024 1639 2048 2168 3968
1 2 4 8 16 32 64 128 256 512 1024 1651 2048 2172 3968
1 2 4 8 16 32 64 128 256 512 1024 1799 2048 2104 4032
1 2 4 8 16 32 64 128 256 383 512 1024 2048 3456 3584
1 2 4 8 16 32 64 128 256 319 512 1024 2048 3520 3584
1 2 4 8 16 32 64 128 256 287 512 1024 2048 3552 3584
1 2 4 8 16 32 64 128 256 447 512 1024 2048 3520 3584
1 2 4 8 16 32 64 128 256 415 512 1024 2048 3552 3584
1 2 4 8 16 32 64 128 256 399 512 1024 2048 3568 3584
1 2 4 8 16 32 64 128 256 463 512 1024 2048 3568 3584
1 2 4 8 16 32 64 128 159 256 512 1024 2048 3296 3840
1 2 4 8 16 32 64 128 143 256 512 1024 2048 3312 3840
1 2 4 8 16 32 64 128 207 256 512 1024 2048 3312 3840
1 2 4 8 16 32 64 128 231 256 512 1024 2048 3320 3840
1 2 4 8 16 32 64 128 256 512 575 1024 2048 3264 3840
1 2 4 8 16 32 64 128 256 512 543 1024 2048 3296 3840
1 2 4 8 16 32 64 128 256 512 703 1024 2048 3264 3840
1 2 4 8 16 32 64 128 256 512 671 1024 2048 3296 3840
1 2 4 8 16 32 64 128 256 512 655 1024 2048 3312 3840
1 2 4 8 16 32 64 128 256 512 735 1024 2048 3296 3840
1 2 4 8 16 32 64 128 256 512 719 1024 2048 3312 3840
1 2 4 8 16 32 64 128 256 512 743 1024 2048 3320 3840
1 2 4 8 16 32 64 128 256 512 527 1024 2048 3184 3968
1 2 4 8 16 32 64 128 256 512 591 1024 2048 3184 3968
1 2 4 8 16 32 64 128 256 512 615 1024 2048 3192 3968
1 2 4 8 16 32 64 128 256 512 799 1024 2048 3168 3968
1 2 4 8 16 32 64 128 256 512 783 1024 2048 3184 3968
1 2 4 8 16 32 64 128 256 512 847 1024 2048 3184 3968
1 2 4 8 16 32 64 128 256 512 839 1024 2048 3192 3968
1 2 4 8 16 32 64 128 256 512 879 1024 2048 3184 3968
1 2 4 8 16 32 64 128 256 512 871 1024 2048 3192 3968
1 2 4 8 16 32 64 128 256 512 883 1024 2048 3196 3968
1 2 4 8 16 32 64 128 256 512 775 1024 2048 3128 4032
1 2 4 8 16 32 64 128 256 512 819 1024 2048 3132 4032
1 2 4 8 16 32 64 79 128 256 512 1024 2048 3696 3968
1 2 4 8 16 32 64 103 128 256 512 1024 2048 3704 3968
1 2 4 8 16 32 64 128 256 295 512 1024 2048 3640 4032
1 2 4 8 16 32 64 128 256 512 1024 2048 2559 2560 3072
1 2 4 8 16 32 64 128 256 512 1024 2048 2303 2816 3072
1 2 4 8 16 32 64 128 256 512 1024 2048 2175 2944 3072
1 2 4 8 16 32 64 128 256 512 1024 2048 2111 3008 3072
1 2 4 8 16 32 64 128 256 512 1024 2048 2079 3040 3072
1 2 4 8 16 32 64 128 256 512 1024 2048 2815 2816 3072
1 2 4 8 16 32 64 128 256 512 1024 2048 2687 2944 3072
1 2 4 8 16 32 64 128 256 512 1024 2048 2623 3008 3072
1 2 4 8 16 32 64 128 256 512 1024 2048 2591 3040 3072
1 2 4 8 16 32 64 128 256 512 1024 2048 2879 3008 3072
1 2 4 8 16 32 64 128 256 512 1024 2048 2847 3040 3072
1 2 4 8 16 32 64 128 256 512 1024 2048 2831 3056 3072
1 2 4 8 16 32 64 128 256 512 1024 2048 2959 3056 3072
1 2 4 8 16 32 64 128 256 512 1024 2048 2175 2432 3584
1 2 4 8 16 32 64 128 256 512 1024 2048 2111 2496 3584
1 2 4 8 16 32 64 128 256 512 1024 2048 2079 2528 3584
1 2 4 8 16 32 64 128 256 512 1024 2048 2367 2496 3584
1 2 4 8 16 32 64 128 256 512 1024 2048 2335 2528 3584
1 2 4 8 16 32 64 128 256 512 1024 2048 2319 2544 3584
1 2 4 8 16 32 64 128 256 512 1024 2048 2463 2528 3584
1 2 4 8 16 32 64 128 256 512 1024 2048 2447 2544 3584
1 2 4 8 16 32 64 128 256 512 1024 2048 2503 2552 3584
1 2 4 8 16 32 64 128 256 512 1024 2048 2079 2272 3840
1 2 4 8 16 32 64 128 256 512 1024 2048 2063 2288 3840
1 2 4 8 16 32 64 128 256 512 1024 2048 2191 2288 3840
1 2 4 8 16 32 64 128 256 512 1024 2048 2247 2296 3840
1 2 4 8 16 32 64 128 256 512 1024 2048 2432 3199 3584
1 2 4 8 16 32 64 128 256 512 1024 2048 2496 3135 3584
1 2 4 8 16 32 64 128 256 512 1024 2048 2528 3103 3584
1 2 4 8 16 32 64 128 256 512 1024 2048 2432 3455 3584
1 2 4 8 16 32 64 128 256 512 1024 2048 2496 3391 3584
1 2 4 8 16 32 64 128 256 512 1024 2048 2528 3359 3584
1 2 4 8 16 32 64 128 256 512 1024 2048 2544 3343 3584
1 2 4 8 16 32 64 128 256 512 1024 2048 2528 3487 3584
1 2 4 8 16 32 64 128 256 512 1024 2048 2544 3471 3584
1 2 4 8 16 32 64 128 256 512 1024 2048 2552 3527 3584
1 2 4 8 16 32 64 128 256 512 1024 2048 2272 3103 3840
1 2 4 8 16 32 64 128 256 512 1024 2048 2288 3087 3840
1 2 4 8 16 32 64 128 256 512 1024 2048 2272 3231 3840
1 2 4 8 16 32 64 128 256 512 1024 2048 2288 3215 3840
1 2 4 8 16 32 64 128 256 512 1024 2048 2288 3279 3840
1 2 4 8 16 32 64 128 256 512 1024 2048 2296 3271 3840
1 2 4 8 16 32 64 128 256 512 1024 2048 2168 3143 3968
1 2 4 8 16 32 64 128 256 512 1024 2048 2160 3599 3968
1 2 4 8 16 32 64 128 256 512 1024 2048 2168 3655 3968
1 2 4 8 16 32 64 128 256 512 1024 2048 2168 3687 3968
1 2 4 8 16 32 64 128 256 512 1024 2048 2303 3328 3584
1 2 4 8 16 32 64 128 256 512 1024 2048 2175 3456 3584
1 2 4 8 16 32 64 128 256 512 1024 2048 2111 3520 3584
1 2 4 8 16 32 64 128 256 512 1024 2048 2079 3552 3584
1 2 4 8 16 32 64 128 256 512 1024 2048 2431 3456 3584
1 2 4 8 16 32 64 128 256 512 1024 2048 2367 3520 3584
1 2 4 8 16 32 64 128 256 512 1024 2048 2335 3552 3584
1 2 4 8 16 32 64 128 256 512 1024 2048 2495 3520 3584
1 2 4 8 16 32 64 128 256 512 1024 2048 2463 3552 3584
1 2 4 8 16 32 64 128 256 512 1024 2048 2447 3568 3584
1 2 4 8 16 32 64 128 256 512 1024 2048 2511 3568 3584
1 2 4 8 16 32 64 128 256 512 1024 2048 2111 3264 3840
1 2 4 8 16 32 64 128 256 512 1024 2048 2079 3296 3840
1 2 4 8 16 32 64 128 256 512 1024 2048 2207 3296 3840
1 2 4 8 16 32 64 128 256 512 1024 2048 2191 3312 3840
1 2 4 8 16 32 64 128 256 512 1024 2048 2255 3312 3840
1 2 4 8 16 32 64 128 256 512 1024 2048 2279 3320 3840
1 2 4 8 16 32 64 128 256 512 1024 2048 2063 3184 3968
1 2 4 8 16 32 64 128 256 512 1024 2048 2815 3328 3584
1 2 4 8 16 32 64 128 256 512 1024 2048 2687 3456 3584
1 2 4 8 16 32 64 128 256 512 1024 2048 2623 3520 3584
1 2 4 8 16 32 64 128 256 512 1024 2048 2591 3552 3584
1 2 4 8 16 32 64 128 256 512 1024 2048 2623 3264 3840
1 2 4 8 16 32 64 128 256 512 1024 2048 2591 3296 3840
1 2 4 8 16 32 64 128 256 512 1024 2048 2575 3312 3840
1 2 4 8 16 32 64 128 256 512 1024 2048 2575 3184 3968
1 2 4 8 16 32 64 128 256 512 1024 2048 2847 3168 3968
1 2 4 8 16 32 64 128 256 512 1024 2048 2831 3184 3968
1 2 4 8 16 32 64 128 256 512 1024 2048 2823 3128 4032
1 2 4 8 16 32 64 128 256 512 1024 2048 2079 3680 3968
1 2 4 8 16 32 64 128 256 512 1024 2048 2063 3696 3968
1 2 4 8 16 32 64 128 256 512 1024 2048 2127 3696 3968
1 2 4 8 16 32 64 128 256 512 1024 2048 2151 3704 3968
1 2 4 8 16 32 64 128 256 512 1024 2048 2335 3680 3968
1 2 4 8 16 32 64 128 256 512 1024 2048 2319 3696 3968
1 2 4 8 16 32 64 128 256 512 1024 2048 2447 3632 4032
1 2 4 8 16 32 64 128 256 512 1024 2048 2439 3640 4032
1 2 4 8 16 32 64 128 256 512 1024 2048 3327 3328 3584
1 2 4 8 16 32 64 128 256 512 1024 2048 3199 3456 3584
1 2 4 8 16 32 64 128 256 512 1024 2048 3135 3520 3584
1 2 4 8 16 32 64 128 256 512 1024 2048 3103 3552 3584
1 2 4 8 16 32 64 128 256 512 1024 2048 3455 3456 3584
1 2 4 8 16 32 64 128 256 512 1024 2048 3391 3520 3584
1 2 4 8 16 32 64 128 256 512 1024 2048 3359 3552 3584
1 2 4 8 16 32 64 128 256 512 1024 2048 3343 3568 3584
1 2 4 8 16 32 64 128 256 512 1024 2048 3487 3552 3584
1 2 4 8 16 32 64 128 256 512 1024 2048 3471 3568 3584
1 2 4 8 16 32 64 128 256 512 1024 2048 3527 3576 3584
1 2 4 8 16 32 64 128 256 512 1024 2048 3135 3264 3840
1 2 4 8 16 32 64 128 256 512 1024 2048 3103 3296 3840
1 2 4 8 16 32 64 128 256 512 1024 2048 3087 3312 3840
1 2 4 8 16 32 64 128 256 512 1024 2048 3231 3296 3840
1 2 4 8 16 32 64 128 256 512 1024 2048 3215 3312 3840
1 2 4 8 16 32 64 128 256 512 1024 2048 3279 3312 3840
1 2 4 8 16 32 64 128 256 512 1024 2048 3271 3320 3840
1 2 4 8 16 32 64 128 256 512 1024 2048 3087 3184 3968
1 2 4 8 16 32 64 128 256 512 1024 2048 3143 3192 3968
1 2 4 8 16 32 64 128 256 512 1024 2048 3264 3647 3840
1 2 4 8 16 32 64 128 256 512 1024 2048 3296 3615 3840
1 2 4 8 16 32 64 128 256 512 1024 2048 3312 3599 3840
1 2 4 8 16 32 64 128 256 512 1024 2048 3264 3775 3840
1 2 4 8 16 32 64 128 256 512 1024 2048 3296 3743 3840
1 2 4 8 16 32 64 128 256 512 1024 2048 3312 3727 3840
1 2 4 8 16 32 64 128 256 512 1024 2048 3312 3791 3840
1 2 4 8 16 32 64 128 256 512 1024 2048 3320 3783 3840
1 2 4 8 16 32 64 128 256 512 1024 2048 3184 3599 3968
1 2 4 8 16 32 64 128 256 512 1024 2048 3184 3663 3968
1 2 4 8 16 32 64 128 256 512 1024 2048 3192 3655 3968
1 2 4 8 16 32 64 128 256 512 1024 2048 3192 3687 3968
1 2 4 8 16 32 64 128 256 512 1024 2048 3128 3847 4032
1 2 4 8 16 32 64 128 256 512 1024 2048 3132 3891 4032
1 2 4 8 16 32 64 128 256 512 1024 2048 3103 3680 3968
1 2 4 8 16 32 64 128 256 512 1024 2048 3087 3696 3968
1 2 4 8 16 32 64 128 256 512 1024 2048 3151 3696 3968
1 2 4 8 16 32 64 128 256 512 1024 2048 3175 3704 3968
1 2 4 8 16 32 64 128 256 512 1024 2048 3359 3680 3968
1 2 4 8 16 32 64 128 256 512 1024 2048 3343 3696 3968
1 2 4 8 16 32 64 128 256 512 1024 2048 3335 3640 4032
1 2 4 8 16 32 64 128 256 512 1024 2048 3087 3888 4032
1 2 4 8 16 32 64 128 256 512 1024 2048 3111 3896 4032
1 2 4 8 16 32 64 128 256 512 1024 2048 3271 3864 4064
1 2 4 8 16 32 64 128 256 512 1024 2048 3615 3680 3968
1 2 4 8 16 32 64 128 256 512 1024 2048 3599 3696 3968
1 2 4 8 16 32 64 128 256 512 1024 2048 3663 3696 3968
1 2 4 8 16 32 64 128 256 512 1024 2048 3655 3704 3968
1 2 4 8 16 32 64 128 256 512 1024 2048 3687 3704 3968
1 2 4 8 16 32 64 128 256 512 1024 2048 3591 3640 4032
1 2 4 8 16 32 64 128 256 512 1024 2048 3640 3847 4032
1 2 4 8 16 32 64 128 256 512 1024 2048 3640 3879 4032
1 2 4 8 16 32 64 128 256 512 1024 2048 3644 3891 4032
