14
11
2
189
1 2 4 8 16 32 64 128 256 384 512 1024 1407 1536
1 2 4 8 16 32 64 128 256 448 512 1024 1343 1536
1 2 4 8 16 32 64 128 256 480 512 1024 1311 1536
1 2 4 8 16 32 64 128 256 496 512 1024 1295 1536
1 2 4 8 16 32 64 128 256 448 512 1024 1471 1536
1 2 4 8 16 32 64 128 256 480 512 1024 1439 1536
1 2 4 8 16 32 64 128 256 496 512 1024 1423 1536
1 2 4 8 16 32 64 128 256 496 512 1024 1487 1536
1 2 4 8 16 32 64 128 256 504 512 1024 1479 1536
1 2 4 8 16 32 64 128 224 256 512 1024 1183 1792
1 2 4 8 16 32 64 128 240 256 512 1024 1167 1792
1 2 4 8 16 32 64 128 240 256 512 1024 1231 1792
1 2 4 8 16 32 64 128 248 256 512 1024 1223 1792
1 2 4 8 16 32 64 128 248 256 512 1024 1255 1792
1 2 4 8 16 32 64 120 128 256 512 1024 1095 1920
1 2 4 8 16 32 64 128 224 256 512 1024 1695 1792
1 2 4 8 16 32 64 128 240 256 512 1024 1679 1792
1 2 4 8 16 32 64 128 224 256 512 1024 1759 1792
1 2 4 8 16 32 64 128 240 256 512 1024 1743 1792
1 2 4 8 16 32 64 128 248 256 512 1024 1735 1792
1 2 4 8 16 32 64 128 248 256 512 1024 1767 1792
1 2 4 8 16 32 64 120 128 256 512 1024 1607 1920
1 2 4 8 16 32 64 120 128 256 512 1024 1639 1920
1 2 4 8 16 32 64 124 128 256 512 1024 1651 1920
1 2 4 8 16 32 64 128 256 383 512 1024 1408 1536
1 2 4 8 16 32 64 128 256 319 512 1024 1472 1536
1 2 4 8 16 32 64 128 256 287 512 1024 1504 1536
1 2 4 8 16 32 64 128 256 447 512 1024 1472 1536
1 2 4 8 16 32 64 128 256 415 512 1024 1504 1536
1 2 4 8 16 32 64 128 256 399 512 1024 1520 1536
1 2 4 8 16 32 64 128 256 463 512 1024 1520 1536
1 2 4 8 16 32 64 128 159 256 512 1024 1248 1792
1 2 4 8 16 32 64 128 143 256 512 1024 1264 1792
1 2 4 8 16 32 64 128 207 256 512 1024 1264 1792
1 2 4 8 16 32 64 128 231 256 512 1024 1272 1792
1 2 4 8 16 32 64 128 256 512 767 1024 1280 1536
1 2 4 8 16 32 64 128 256 512 639 1024 1408 1536
1 2 4 8 16 32 64 128 256 512 575 1024 1472 1536
1 2 4 8 16 32 64 128 256 512 543 1024 1504 1536
1 2 4 8 16 32 64 128 256 512 1023 1024 1280 1536
1 2 4 8 16 32 64 128 256 512 895 1024 1408 1536
1 2 4 8 16 32 64 128 256 512 831 1024 1472 1536
1 2 4 8 16 32 64 128 256 512 799 1024 1504 1536
1 2 4 8 16 32 64 128 256 512 783 1024 1520 1536
1 2 4 8 16 32 64 128 256 512 959 1024 1472 1536
1 2 4 8 16 32 64 128 256 512 927 1024 1504 1536
1 2 4 8 16 32 64 128 256 512 911 1024 1520 1536
1 2 4 8 16 32 64 128 256 512 975 1024 1520 1536
1 2 4 8 16 32 64 128 256 512 967 1024 1528 1536
1 2 4 8 16 32 64 128 256 512 575 1024 1216 1792
1 2 4 8 16 32 64 128 256 512 543 1024 1248 1792
1 2 4 8 16 32 64 128 256 512 527 1024 1264 1792
1 2 4 8 16 32 64 128 256 512 703 1024 1216 1792
1 2 4 8 16 32 64 128 256 512 671 1024 1248 1792
1 2 4 8 16 32 64 128 256 512 655 1024 1264 1792
1 2 4 8 16 32 64 128 256 512 735 1024 1248 1792
1 2 4 8 16 32 64 128 256 512 719 1024 1264 1792
1 2 4 8 16 32 64 128 256 512 711 1024 1272 1792
1 2 4 8 16 32 64 128 256 512 743 1024 1272 1792
1 2 4 8 16 32 64 128 256 512 527 1024 1136 1920
1 2 4 8 16 32 64 128 256 512 591 1024 1136 1920
1 2 4 8 16 32 64 128 256 512 583 1024 1144 1920
1 2 4 8 16 32 64 128 256 512 615 1024 1144 1920
1 2 4 8 16 32 64 128 256 512 627 1024 1148 1920
1 2 4 8 16 32 64 128 256 512 799 1024 1120 1920
1 2 4 8 16 32 64 128 256 512 783 1024 1136 1920
1 2 4 8 16 32 64 128 256 512 847 1024 1136 1920
1 2 4 8 16 32 64 128 256 512 839 1024 1144 1920
1 2 4 8 16 32 64 128 256 512 879 1024 1136 1920
1 2 4 8 16 32 64 128 256 512 871 1024 1144 1920
1 2 4 8 16 32 64 128 256 512 883 1024 1148 1920
1 2 4 8 16 32 64 128 256 512 775 1024 1080 1984
1 2 4 8 16 32 64 128 256 512 819 1024 1084 1984
1 2 4 8 16 32 64 128 191 256 512 1024 1728 1792
1 2 4 8 16 32 64 128 159 256 512 1024 1760 1792
1 2 4 8 16 32 64 128 143 256 512 1024 1776 1792
1 2 4 8 16 32 64 128 223 256 512 1024 1760 1792
1 2 4 8 16 32 64 128 207 256 512 1024 1776 1792
1 2 4 8 16 32 64 128 231 256 512 1024 1784 1792
1 2 4 8 16 32 64 79 128 256 512 1024 1648 1920
1 2 4 8 16 32 64 103 128 256 512 1024 1656 1920
1 2 4 8 16 32 64 128 256 287 512 1024 1632 1920
1 2 4 8 16 32 64 128 256 271 512 1024 1648 1920
1 2 4 8 16 32 64 128 256 351 512 1024 1632 1920
1 2 4 8 16 32 64 128 256 335 512 1024 1648 1920
1 2 4 8 16 32 64 128 256 367 512 1024 1648 1920
1 2 4 8 16 32 64 128 256 359 512 1024 1656 1920
1 2 4 8 16 32 64 128 256 295 512 1024 1592 1984
1 2 4 8 16 32 64 128 256 399 512 1024 1584 1984
1 2 4 8 16 32 64 128 256 391 512 1024 1592 1984
1 2 4 8 16 32 64 128 256 423 512 1024 1592 1984
1 2 4 8 16 32 64 128 256 439 512 1024 1592 1984
1 2 4 8 16 32 64 128 256 435 512 1024 1596 1984
1 2 4 8 16 32 39 64 128 256 512 1024 1848 1984
1 2 4 8 16 32 64 128 256 512 1024 1279 1280 1536
1 2 4 8 16 32 64 128 256 512 1024 1151 1408 1536
1 2 4 8 16 32 64 128 256 512 1024 1087 1472 1536
1 2 4 8 16 32 64 128 256 512 1024 1055 1504 1536
1 2 4 8 16 32 64 128 256 512 1024 1407 1408 1536
1 2 4 8 16 32 64 128 256 512 1024 1343 1472 1536
1 2 4 8 16 32 64 128 256 512 1024 1311 1504 1536
1 2 4 8 16 32 64 128 256 512 1024 1295 1520 1536
1 2 4 8 16 32 64 128 256 512 1024 1439 1504 1536
1 2 4 8 16 32 64 128 256 512 1024 1423 1520 1536
1 2 4 8 16 32 64 128 256 512 1024 1479 1528 1536
1 2 4 8 16 32 64 128 256 512 1024 1087 1216 1792
1 2 4 8 16 32 64 128 256 512 1024 1055 1248 1792
1 2 4 8 16 32 64 128 256 512 1024 1039 1264 1792
1 2 4 8 16 32 64 128 256 512 1024 1183 1248 1792
1 2 4 8 16 32 64 128 256 512 1024 1167 1264 1792
1 2 4 8 16 32 64 128 256 512 1024 1231 1264 1792
1 2 4 8 16 32 64 128 256 512 1024 1223 1272 1792
1 2 4 8 16 32 64 128 256 512 1024 1039 1136 1920
1 2 4 8 16 32 64 128 256 512 1024 1095 1144 1920
1 2 4 8 16 32 64 128 256 512 1024 1216 1599 1792
1 2 4 8 16 32 64 128 256 512 1024 1248 1567 1792
1 2 4 8 16 32 64 128 256 512 1024 1264 1551 1792
1 2 4 8 16 32 64 128 256 512 1024 1216 1727 1792
1 2 4 8 16 32 64 128 256 512 1024 1248 1695 1792
1 2 4 8 16 32 64 128 256 512 1024 1264 1679 1792
1 2 4 8 16 32 64 128 256 512 1024 1264 1743 1792
1 2 4 8 16 32 64 128 256 512 1024 1272 1735 1792
1 2 4 8 16 32 64 128 256 512 1024 1136 1551 1920
1 2 4 8 16 32 64 128 256 512 1024 1136 1615 1920
1 2 4 8 16 32 64 128 256 512 1024 1144 1607 1920
1 2 4 8 16 32 64 128 256 512 1024 1144 1639 1920
1 2 4 8 16 32 64 128 256 512 1024 1080 1799 1984
1 2 4 8 16 32 64 128 256 512 1024 1084 1843 1984
1 2 4 8 16 32 64 128 256 512 1024 1151 1664 1792
1 2 4 8 16 32 64 128 256 512 1024 1087 1728 1792
1 2 4 8 16 32 64 128 256 512 1024 1055 1760 1792
1 2 4 8 16 32 64 128 256 512 1024 1215 1728 1792
1 2 4 8 16 32 64 128 256 512 1024 1183 1760 1792
1 2 4 8 16 32 64 128 256 512 1024 1167 1776 1792
1 2 4 8 16 32 64 128 256 512 1024 1247 1760 1792
1 2 4 8 16 32 64 128 256 512 1024 1231 1776 1792
1 2 4 8 16 32 64 128 256 512 1024 1255 1784 1792
1 2 4 8 16 32 64 128 256 512 1024 1055 1632 1920
1 2 4 8 16 32 64 128 256 512 1024 1039 1648 1920
1 2 4 8 16 32 64 128 256 512 1024 1103 1648 1920
1 2 4 8 16 32 64 128 256 512 1024 1127 1656 1920
1 2 4 8 16 32 64 128 256 512 1024 1407 1664 1792
1 2 4 8 16 32 64 128 256 512 1024 1343 1728 1792
1 2 4 8 16 32 64 128 256 512 1024 1311 1760 1792
1 2 4 8 16 32 64 128 256 512 1024 1295 1776 1792
1 2 4 8 16 32 64 128 256 512 1024 1311 1632 1920
1 2 4 8 16 32 64 128 256 512 1024 1295 1648 1920
1 2 4 8 16 32 64 128 256 512 1024 1287 1592 1984
1 2 4 8 16 32 64 128 256 512 1024 1423 1584 1984
1 2 4 8 16 32 64 128 256 512 1024 1415 1592 1984
1 2 4 8 16 32 64 128 256 512 1024 1039 1840 1984
1 2 4 8 16 32 64 128 256 512 1024 1063 1848 1984
1 2 4 8 16 32 64 128 256 512 1024 1167 1840 1984
1 2 4 8 16 32 64 128 256 512 1024 1223 1816 2016
1 2 4 8 16 32 64 128 256 512 1024 1663 1664 1792
1 2 4 8 16 32 64 128 256 512 1024 1599 1728 1792
1 2 4 8 16 32 64 128 256 512 1024 1567 1760 1792
1 2 4 8 16 32 64 128 256 512 1024 1551 1776 1792
1 2 4 8 16 32 64 128 256 512 1024 1727 1728 1792
1 2 4 8 16 32 64 128 256 512 1024 1695 1760 1792
1 2 4 8 16 32 64 128 256 512 1024 1679 1776 1792
1 2 4 8 16 32 64 128 256 512 1024 1743 1776 1792
1 2 4 8 16 32 64 128 256 512 1024 1735 1784 1792
1 2 4 8 16 32 64 128 256 512 1024 1567 1632 1920
1 2 4 8 16 32 64 128 256 512 1024 1551 1648 1920
1 2 4 8 16 32 64 128 256 512 1024 1615 1648 1920
1 2 4 8 16 32 64 128 256 512 1024 1607 1656 1920
1 2 4 8 16 32 64 128 256 512 1024 1639 1656 1920
1 2 4 8 16 32 64 128 256 512 1024 1543 1592 1984
1 2 4 8 16 32 64 128 256 512 1024 1632 1823 1920
1 2 4 8 16 32 64 128 256 512 1024 1648 1807 1920
1 2 4 8 16 32 64 128 256 512 1024 1632 1887 1920
1 2 4 8 16 32 64 128 256 512 1024 1648 1871 1920
1 2 4 8 16 32 64 128 256 512 1024 1656 1863 1920
1 2 4 8 16 32 64 128 256 512 1024 1656 1895 1920
1 2 4 8 16 32 64 128 256 512 1024 1592 1799 1984
1 2 4 8 16 32 64 128 256 512 1024 1592 1831 1984
1 2 4 8 16 32 64 128 256 512 1024 1596 1843 1984
1 2 4 8 16 32 64 128 256 512 1024 1551 1840 1984
1 2 4 8 16 32 64 128 256 512 1024 1575 1848 1984
1 2 4 8 16 32 64 128 256 512 1024 1679 1840 1984
1 2 4 8 16 32 64 128 256 512 1024 1671 1848 1984
1 2 4 8 16 32 64 128 256 512 1024 1543 1944 2016
1 2 4 8 16 32 64 128 256 512 1024 1635 1932 2032
1 2 4 8 16 32 64 128 256 512 1024 1807 1840 1984
1 2 4 8 16 32 64 128 256 512 1024 1799 1848 1984
1 2 4 8 16 32 64 128 256 512 1024 1831 1848 1984
1 2 4 8 16 32 64 128 256 512 1024 1843 1852 1984
1 2 4 8 16 32 64 128 256 512 1024 1820 1939 2016
