15
13
2
18
1 2 4 8 16 32 64 128 256 512 1024 2048 4096 6143 6144
1 2 4 8 16 32 64 128 256 512 1024 2048 4096 5119 7168
1 2 4 8 16 32 64 128 256 512 1024 2048 4096 4607 7680
1 2 4 8 16 32 64 128 256 512 1024 2048 4096 4351 7936
1 2 4 8 16 32 64 128 256 512 1024 2048 4096 4223 8064
1 2 4 8 16 32 64 128 256 512 1024 2048 4096 4159 8128
1 2 4 8 16 32 64 128 256 512 1024 2048 4096 7167 7168
1 2 4 8 16 32 64 128 256 512 1024 2048 4096 6655 7680
1 2 4 8 16 32 64 128 256 512 1024 2048 4096 6399 7936
1 2 4 8 16 32 64 128 256 512 1024 2048 4096 6271 8064
1 2 4 8 16 32 64 128 256 512 1024 2048 4096 6207 8128
1 2 4 8 16 32 64 128 256 512 1024 2048 4096 7423 7936
1 2 4 8 16 32 64 128 256 512 1024 2048 4096 7295 8064
1 2 4 8 16 32 64 128 256 512 1024 2048 4096 7231 8128
1 2 4 8 16 32 64 128 256 512 1024 2048 4096 7199 8160
1 2 4 8 16 32 64 128 256 512 1024 2048 4096 7743 8128
1 2 4 8 16 32 64 128 256 512 1024 2048 4096 7711 8160
1 2 4 8 16 32 64 128 256 512 1024 2048 4096 7951 8176
