10
7
2
31
1 2 3 4 5 8 16 32 64 121
1 2 3 4 5 8 16 32 64 122
1 2 3 4 5 8 16 32 64 126
1 2 3 4 8 12 16 32 64 117
1 2 3 4 8 13 16 32 64 113
1 2 3 4 8 13 16 32 64 114
1 2 3 4 8 13 16 32 64 116
1 2 3 4 8 13 16 32 64 117
1 2 3 4 8 13 16 32 64 118
1 2 3 4 8 16 28 32 64 101
1 2 3 4 8 16 28 32 64 109
1 2 3 4 8 16 29 32 64 101
1 2 3 4 8 16 29 32 64 102
1 2 3 4 8 16 29 32 64 108
1 2 3 4 8 16 29 32 64 110
1 2 4 7 8 11 16 32 64 113
1 2 4 7 8 11 16 32 64 115
1 2 4 7 8 11 16 32 64 117
1 2 4 7 8 16 25 32 64 97
1 2 4 7 8 16 25 32 64 98
1 2 4 7 8 16 25 32 64 99
1 2 4 7 8 16 25 32 64 106
1 2 4 7 8 16 25 32 64 107
1 2 4 7 8 16 27 32 64 99
1 2 4 7 8 16 27 32 64 101
1 2 4 7 8 16 27 32 64 104
1 2 4 7 8 16 27 32 64 105
1 2 4 7 8 16 27 32 64 107
1 2 4 7 8 16 32 56 64 91
1 2 4 7 8 16 32 57 64 90
1 2 4 8 15 16 32 51 64 87
