11
3
2
72
1 1 1 1 1 1 1 2 3 4 5
1 1 1 1 1 1 2 2 3 4 5
1 1 1 1 1 2 2 2 3 4 5
1 1 1 1 2 2 2 2 3 4 5
1 1 1 1 1 2 2 3 3 4 5
1 1 1 1 2 2 2 3 3 4 5
1 1 1 2 2 2 3 3 3 4 5
1 1 1 1 1 2 2 3 4 4 5
1 1 1 1 2 2 2 3 4 4 5
1 1 1 1 2 2 3 3 4 4 5
1 1 1 2 2 2 3 3 4 4 5
1 1 1 2 2 2 3 4 4 4 5
1 1 1 2 2 2 3 4 4 5 5
1 1 1 2 2 3 3 4 4 5 5
1 1 1 1 1 1 1 2 3 4 6
1 1 1 1 1 1 2 2 3 4 6
1 1 1 1 1 2 2 2 3 4 6
1 1 1 1 1 2 2 3 3 4 6
1 1 1 1 2 2 2 3 3 4 6
1 1 1 1 1 2 2 3 4 4 6
1 1 1 1 2 2 2 3 4 4 6
1 1 1 1 2 2 3 3 4 4 6
1 1 1 1 1 1 2 2 4 5 6
1 1 1 1 1 2 2 2 4 5 6
1 1 1 1 2 2 2 2 4 5 6
1 1 1 1 1 1 2 3 4 5 6
1 1 1 1 1 2 2 3 4 5 6
1 1 1 1 2 2 2 3 4 5 6
1 1 1 1 2 2 3 3 4 5 6
1 1 1 2 2 2 3 3 4 5 6
1 1 1 1 2 2 2 4 4 5 6
1 1 1 1 2 2 3 4 4 5 6
1 1 1 2 2 2 3 4 4 5 6
1 1 1 2 2 3 3 4 4 5 6
1 1 1 2 2 2 4 4 5 5 6
1 1 2 2 3 3 4 4 5 5 6
1 1 1 1 2 2 3 4 4 6 6
1 1 1 2 2 3 3 4 4 6 6
1 1 1 2 2 3 4 4 5 6 6
1 1 1 1 1 1 1 1 2 4 7
1 1 1 1 1 1 1 2 2 4 7
1 1 1 1 1 1 2 2 2 4 7
1 1 1 1 1 2 2 2 2 4 7
1 1 1 1 1 1 2 2 3 4 7
1 1 1 1 1 2 2 2 3 4 7
1 1 1 1 2 2 2 2 3 4 7
1 1 1 1 2 2 2 3 3 4 7
1 1 1 1 1 1 2 2 4 4 7
1 1 1 1 1 2 2 2 4 4 7
1 1 1 1 2 2 2 2 4 4 7
1 1 1 1 1 2 2 3 4 4 7
1 1 1 1 2 2 2 3 4 4 7
1 1 1 2 2 2 3 3 4 4 7
1 1 1 1 2 2 2 4 4 4 7
1 1 1 2 2 2 3 4 4 4 7
1 1 1 1 2 2 2 4 4 5 7
1 1 1 1 2 2 3 4 4 5 7
1 1 1 2 2 2 3 4 4 5 7
1 1 1 1 1 2 2 4 4 6 7
1 1 1 1 2 2 2 4 4 6 7
1 1 1 1 2 2 3 4 4 6 7
1 1 1 2 2 3 3 4 4 6 7
1 1 1 1 1 2 2 4 5 6 7
1 1 1 1 2 2 2 4 5 6 7
1 1 1 2 2 2 4 4 5 6 7
1 1 1 1 1 2 2 4 4 7 7
1 1 1 1 2 2 2 4 4 7 7
1 1 1 1 2 2 3 4 4 7 7
1 1 1 2 2 2 3 4 4 7 7
1 1 1 2 2 2 4 4 4 7 7
1 1 1 2 2 2 4 4 5 7 7
1 1 1 2 2 3 4 4 5 7 7
