11
8
2
72
1 2 4 8 16 32 64 64 128 128 255
1 2 4 8 16 32 64 96 128 128 223
1 2 4 8 16 32 64 112 128 128 207
1 2 4 8 16 32 64 120 128 128 199
1 2 4 8 16 32 64 112 128 128 239
1 2 4 8 16 32 64 120 128 128 231
1 2 4 8 16 32 64 124 128 128 243
1 2 4 8 16 32 48 64 128 175 192
1 2 4 8 16 32 56 64 128 167 192
1 2 4 8 16 32 56 64 128 183 192
1 2 4 8 16 32 60 64 128 179 192
1 2 4 8 16 28 32 64 128 147 224
1 2 4 8 16 28 32 64 128 211 224
1 2 4 8 16 28 32 64 128 219 224
1 2 4 8 16 32 64 127 128 128 192
1 2 4 8 16 32 64 95 128 128 224
1 2 4 8 16 32 64 79 128 128 240
1 2 4 8 16 32 64 111 128 128 240
1 2 4 8 16 32 64 103 128 128 248
1 2 4 8 16 32 47 64 128 176 192
1 2 4 8 16 32 39 64 128 184 192
1 2 4 8 16 32 55 64 128 184 192
1 2 4 8 16 32 64 95 128 160 192
1 2 4 8 16 32 64 79 128 176 192
1 2 4 8 16 32 64 71 128 184 192
1 2 4 8 16 32 64 127 128 160 192
1 2 4 8 16 32 64 111 128 176 192
1 2 4 8 16 32 64 103 128 184 192
1 2 4 8 16 32 64 119 128 184 192
1 2 4 8 16 32 64 115 128 188 192
1 2 4 8 16 32 64 71 128 152 224
1 2 4 8 16 32 64 87 128 152 224
1 2 4 8 16 32 64 83 128 156 224
1 2 4 8 16 32 64 91 128 156 224
1 2 4 8 16 32 64 99 128 140 240
1 2 4 8 16 32 64 109 128 142 240
1 2 4 8 16 23 32 64 128 216 224
1 2 4 8 16 27 32 64 128 220 224
1 2 4 8 16 32 43 64 128 204 240
1 2 4 8 16 32 64 128 128 128 255
1 2 4 8 16 32 64 128 128 191 192
1 2 4 8 16 32 64 128 128 159 224
1 2 4 8 16 32 64 128 128 143 240
1 2 4 8 16 32 64 128 128 223 224
1 2 4 8 16 32 64 128 128 207 240
1 2 4 8 16 32 64 128 128 199 248
1 2 4 8 16 32 64 128 128 231 248
1 2 4 8 16 32 64 128 159 160 192
1 2 4 8 16 32 64 128 143 176 192
1 2 4 8 16 32 64 128 135 184 192
1 2 4 8 16 32 64 128 175 176 192
1 2 4 8 16 32 64 128 167 184 192
1 2 4 8 16 32 64 128 179 188 192
1 2 4 8 16 32 64 128 135 152 224
1 2 4 8 16 32 64 128 147 156 224
1 2 4 8 16 32 64 128 152 199 224
1 2 4 8 16 32 64 128 152 215 224
1 2 4 8 16 32 64 128 156 211 224
1 2 4 8 16 32 64 128 143 208 224
1 2 4 8 16 32 64 128 135 216 224
1 2 4 8 16 32 64 128 151 216 224
1 2 4 8 16 32 64 128 155 220 224
1 2 4 8 16 32 64 128 175 208 224
1 2 4 8 16 32 64 128 167 216 224
1 2 4 8 16 32 64 128 163 204 240
1 2 4 8 16 32 64 128 207 208 224
1 2 4 8 16 32 64 128 199 216 224
1 2 4 8 16 32 64 128 215 216 224
1 2 4 8 16 32 64 128 211 220 224
1 2 4 8 16 32 64 128 195 204 240
1 2 4 8 16 32 64 128 204 227 240
1 2 4 8 16 32 64 128 204 235 240
