15
2
2
19
0 0 0 0 0 0 0 0 0 0 0 0 0 1 2 
0 0 0 0 0 0 0 0 0 0 0 0 1 1 2 
0 0 0 0 0 0 0 0 0 0 0 1 1 1 2 
0 0 0 0 0 0 0 0 0 0 1 1 1 1 2 
0 0 0 0 0 0 0 0 0 1 1 1 1 1 2 
0 0 0 0 0 0 0 0 1 1 1 1 1 1 2 
0 0 0 0 0 0 0 1 1 1 1 1 1 1 2 
0 0 0 0 0 0 0 0 0 0 0 1 1 2 2 
0 0 0 0 0 0 0 0 0 0 1 1 1 2 2 
0 0 0 0 0 0 0 0 0 1 1 1 1 2 2 
0 0 0 0 0 0 0 0 1 1 1 1 1 2 2 
0 0 0 0 0 0 0 1 1 1 1 1 1 2 2 
0 0 0 0 0 0 0 0 0 1 1 1 2 2 2 
0 0 0 0 0 0 0 0 1 1 1 1 2 2 2 
0 0 0 0 0 0 0 1 1 1 1 1 2 2 2 
0 0 0 0 0 0 1 1 1 1 1 1 2 2 2 
0 0 0 0 0 0 0 1 1 1 1 2 2 2 2 
0 0 0 0 0 0 1 1 1 1 1 2 2 2 2 
0 0 0 0 0 1 1 1 1 1 2 2 2 2 2 
